name,hp,atk,def,spa,spd,spe,physweep,spesweep,phytank,spetank,wall,total,rank,usage
abomasnow,90,92,75,92,85,60,152,152,167,177,250,494,316,0.00192
aipom,55,70,55,40,55,85,155,125,125,95,165,360,585,0.0
alcremie,65,60,75,110,121,64,124,174,135,231,261,495,204,0.02193
alomomola,165,75,80,40,45,65,140,105,155,85,290,470,43,5.12422
altaria,75,70,90,70,105,80,150,150,160,175,270,490,308,0.0023
ambipom,75,100,66,60,66,115,215,175,166,126,207,482,312,0.00218
amoonguss,114,85,70,85,80,30,115,115,155,165,264,464,50,3.90393
ampharos,90,75,85,115,90,55,130,170,160,205,265,510,359,0.00079
appletun,110,85,80,100,80,30,115,130,165,180,270,485,376,0.00046
applin,40,40,80,40,40,20,60,60,120,80,160,260,562,0.0
araquanid,68,70,92,50,132,42,112,92,162,182,292,454,100,0.48847
arbok,60,95,69,65,79,80,175,145,164,144,208,448,344,0.00106
arboliva,78,69,90,125,109,39,108,164,159,234,277,510,289,0.00353
arcanine,90,110,80,100,80,95,205,195,190,180,250,555,265,0.00578
arcanine-hisui,95,115,80,95,80,90,205,185,195,175,255,555,137,0.14513
archaludon,90,105,130,125,65,85,190,210,235,190,285,600,29,8.16708
arctibax,90,95,66,45,65,62,157,107,161,110,221,423,520,0.0
ariados,70,90,70,60,70,40,130,100,160,130,210,400,346,0.00102
armarouge,85,60,100,125,80,75,135,200,160,205,265,525,140,0.13397
arrokuda,41,63,40,40,30,66,129,106,103,70,111,280,725,0.0
articuno,90,85,100,95,125,85,170,180,185,220,315,580,381,0.00042
articuno-galar,90,85,85,125,100,95,180,220,170,225,275,580,364,0.0007
avalugg,95,117,184,44,46,28,145,72,301,90,325,514,219,0.01389
avalugg-hisui,95,127,184,34,36,38,165,72,311,70,315,514,281,0.00449
axew,46,87,60,30,40,57,144,87,147,70,146,320,647,0.0
azelf,75,125,70,125,70,115,240,240,195,195,215,580,223,0.01323
azumarill,100,50,80,60,80,50,100,110,130,140,260,420,73,1.46768
azurill,50,20,40,20,40,20,40,40,60,60,130,190,463,2e-05
bagon,45,75,60,40,30,50,125,90,135,70,135,300,515,0.0
banette,64,115,65,83,63,65,180,148,180,146,192,455,445,4e-05
barboach,50,48,43,46,41,60,108,106,91,87,134,288,693,0.0
barraskewda,61,123,60,60,50,136,259,196,183,110,171,490,55,3.25716
basculegion,120,112,65,80,75,78,190,158,177,155,260,530,129,0.21985
basculegion-f,120,92,65,100,75,78,170,178,157,175,260,530,154,0.07613
basculin,70,92,65,80,55,98,190,178,157,135,190,460,490,1e-05
bastiodon,60,52,168,47,138,30,82,77,220,185,366,495,148,0.10191
bayleef,60,62,80,63,80,60,122,123,142,143,220,405,529,0.0
beartic,95,130,80,70,80,50,180,120,210,150,255,505,216,0.01598
beldum,40,55,80,35,60,30,85,65,135,95,180,300,599,0.0
bellibolt,109,64,91,103,83,45,109,148,155,186,283,495,236,0.01087
bellossom,75,80,95,90,100,50,130,140,175,190,270,490,260,0.00647
bellsprout,50,75,35,70,30,40,115,110,110,100,115,300,605,0.0
bergmite,55,69,85,32,35,28,97,60,154,67,175,304,681,0.0
bisharp,65,125,100,60,70,70,195,130,225,130,235,490,220,0.01388
blastoise,79,83,100,85,105,78,161,163,183,190,284,530,135,0.17196
blaziken,80,120,70,110,70,80,200,190,190,180,220,530,61,2.18098
blissey,255,10,10,75,135,55,65,130,20,210,400,540,63,2.07131
blitzle,45,60,32,50,32,76,136,126,92,82,109,295,606,0.0
bombirdier,70,103,85,60,85,82,185,142,188,145,240,485,301,0.00265
bonsly,50,80,95,10,45,10,90,20,175,55,190,290,572,0.0
bounsweet,42,30,38,30,38,32,62,62,68,68,118,210,594,0.0
braixen,59,59,58,90,70,73,132,163,117,160,187,409,458,3e-05
brambleghast,55,115,70,80,70,90,205,170,185,150,195,480,141,0.13391
bramblin,40,65,30,45,35,60,125,105,95,80,105,275,591,0.0
braviary,100,123,75,57,75,80,203,137,198,132,250,510,417,0.00014
braviary-hisui,110,83,70,112,70,65,148,177,153,182,250,510,240,0.00949
breloom,60,130,80,60,60,70,200,130,210,120,200,460,67,1.59631
brionne,60,69,69,91,81,50,119,141,138,172,210,420,672,0.0
bronzong,67,89,116,79,116,33,122,112,205,195,299,500,161,0.05589
bronzor,57,24,86,24,86,23,47,47,110,110,229,300,598,0.0
brute bonnet,111,127,99,79,99,55,182,134,226,178,309,570,155,0.06772
bruxish,68,105,70,70,70,92,197,162,175,140,208,475,327,0.00137
buizel,55,65,35,60,30,85,150,145,100,90,120,330,512,0.0
bulbasaur,45,49,49,65,65,45,94,110,98,130,159,318,526,0.0
cacnea,50,85,40,85,40,35,120,120,125,125,130,335,744,0.0
cacturne,70,115,60,115,60,55,170,170,175,175,190,475,405,0.00021
calyrex,100,80,80,80,80,80,160,160,160,160,260,500,564,0.0
camerupt,70,100,70,105,75,40,140,145,170,180,215,460,345,0.00103
capsakid,50,62,40,62,40,50,112,112,102,102,130,304,740,0.0
carbink,50,50,150,50,150,50,100,100,200,200,350,500,297,0.00307
carkol,80,60,90,60,70,50,110,110,150,130,240,410,626,0.0
ceruledge,75,125,80,60,100,85,210,145,205,160,255,525,94,0.70912
cetitan,170,113,65,45,55,73,186,118,178,100,290,521,126,0.2481
cetoddle,108,68,45,30,40,43,111,73,113,70,193,334,524,0.0
chandelure,60,55,90,145,90,80,135,225,145,235,240,520,231,0.01214
chansey,250,5,5,35,105,50,55,85,10,140,360,450,146,0.11085
charcadet,40,50,40,50,40,35,85,85,90,90,120,255,603,0.0
charizard,78,84,78,109,85,100,184,209,162,194,241,534,215,0.01627
charjabug,57,82,95,55,75,36,118,91,177,130,227,400,402,0.00024
charmander,39,52,43,60,50,65,117,125,95,110,132,309,522,0.0
charmeleon,58,64,58,80,65,80,144,160,122,145,181,405,471,1e-05
chesnaught,88,107,122,74,75,64,171,138,229,149,285,530,258,0.00688
chespin,56,61,65,48,45,38,99,86,126,93,166,313,640,0.0
chikorita,45,49,65,49,65,45,94,94,114,114,175,318,577,0.0
chimchar,44,58,44,58,44,61,119,119,102,102,132,309,671,0.0
chimecho,75,50,80,95,90,65,115,160,130,185,245,455,508,0.0
chingling,45,30,50,65,50,45,75,110,80,115,145,285,711,0.0
cinccino,75,95,60,65,60,115,210,180,155,125,195,470,121,0.27465
cinderace,80,116,75,65,75,119,235,184,191,140,230,530,31,7.50181
clauncher,50,53,62,58,63,44,97,102,115,121,175,330,607,0.0
clawitzer,71,73,88,120,89,59,132,179,161,209,248,500,393,0.0003
clefable,95,70,73,95,90,60,130,155,143,185,258,483,17,11.71728
clefairy,70,45,48,60,65,35,80,95,93,125,183,323,382,0.00042
cleffa,50,25,28,45,55,15,40,60,53,100,133,218,392,0.0003
clodsire,130,75,60,45,100,20,95,65,135,145,290,430,30,7.67286
cloyster,50,95,180,85,45,70,165,155,275,130,275,525,222,0.0138
coalossal,110,80,120,80,90,30,110,110,200,170,320,510,259,0.00674
cobalion,91,90,129,90,72,108,198,198,219,162,292,580,138,0.14465
combee,30,30,42,30,42,70,100,100,72,72,114,244,549,0.0
combusken,60,85,60,85,60,55,140,140,145,145,180,405,486,1e-05
comfey,51,52,90,82,110,100,152,182,142,192,251,485,119,0.29467
conkeldurr,105,140,95,55,65,45,185,100,235,120,265,505,183,0.03691
copperajah,122,130,69,80,69,30,160,110,199,149,260,500,439,5e-05
corphish,43,80,65,50,35,35,115,85,145,85,143,308,602,0.0
corviknight,98,87,105,53,85,67,154,120,192,138,288,495,44,5.01342
corvisquire,68,67,55,43,55,77,144,120,122,98,178,365,697,0.0
cosmoem,43,29,131,29,131,37,66,66,160,160,305,400,453,3e-05
cosmog,43,29,31,29,31,37,66,66,60,60,105,200,679,0.0
cottonee,40,27,60,37,50,66,93,103,87,87,150,280,398,0.00027
crabominable,97,132,77,62,67,43,175,105,209,129,241,478,305,0.0024
crabrawler,47,82,57,42,47,63,145,105,139,89,151,338,723,0.0
cramorant,70,85,55,85,95,85,170,170,140,180,220,475,324,0.00151
cranidos,67,125,40,30,30,58,183,88,165,60,137,350,637,0.0
crawdaunt,63,120,85,90,55,55,175,145,205,145,203,468,160,0.06008
cresselia,120,70,110,75,120,85,155,160,180,195,350,580,87,0.7659
croagunk,48,61,40,61,40,50,111,111,101,101,128,300,513,0.0
crocalor,81,55,78,90,58,49,104,139,133,148,217,411,450,3e-05
croconaw,65,80,80,59,63,58,138,117,160,122,208,405,465,2e-05
cryogonal,80,50,50,95,135,105,155,200,100,230,265,515,357,0.00082
cubchoo,55,70,40,60,40,40,110,100,110,100,135,305,695,0.0
cufant,72,80,49,40,49,40,120,80,129,89,170,330,643,0.0
cutiefly,40,45,40,55,40,84,129,139,85,95,120,304,581,0.0
cyclizar,70,95,65,85,65,121,216,206,160,150,200,501,102,0.47552
cyndaquil,39,52,43,60,50,65,117,125,95,110,132,309,619,0.0
dachsbun,57,80,115,50,80,95,175,145,195,130,252,477,303,0.00263
darkrai,70,90,90,135,90,125,215,260,180,225,250,600,15,11.94699
dartrix,78,75,75,70,70,52,127,122,150,140,223,420,687,0.0
decidueye,78,107,75,100,100,70,177,170,182,200,253,530,375,0.00047
decidueye-hisui,88,112,80,95,95,60,172,155,192,190,263,530,283,0.0042
dedenne,67,58,57,81,67,101,159,182,115,148,191,431,401,0.00024
deerling,60,60,50,40,50,75,135,115,110,90,160,335,674,0.0
deino,52,65,50,45,50,38,103,83,115,95,152,300,613,0.0
delibird,45,55,45,65,45,75,130,140,100,110,135,330,271,0.00512
delphox,75,69,72,114,100,104,173,218,141,214,247,534,270,0.00513
deoxys-defense,50,70,160,70,160,90,160,160,230,230,370,600,65,1.66793
deoxys-speed,50,95,90,95,90,180,275,275,185,185,230,600,21,10.16496
dewgong,90,70,80,70,95,70,140,140,150,165,265,475,158,0.06352
dewott,75,75,60,83,60,60,135,143,135,143,195,413,446,4e-05
dewpider,38,40,52,40,72,27,67,67,92,112,162,269,582,0.0
diancie,50,100,150,100,150,50,150,150,250,250,350,600,163,0.05566
diglett,10,55,25,35,45,95,150,130,80,80,80,265,618,0.0
diglett-alola,10,55,30,35,45,90,145,125,85,80,85,265,653,0.0
dipplin,80,80,110,95,80,40,120,135,190,175,270,485,337,0.0012
ditto,48,48,48,48,48,48,96,96,96,96,144,288,97,0.63983
dodrio,60,110,70,60,60,110,220,170,180,120,190,470,254,0.0071
doduo,35,85,45,35,35,75,160,110,130,70,115,310,556,0.0
dondozo,150,100,115,65,65,35,135,100,215,130,330,530,36,6.56465
donphan,90,120,120,60,60,50,170,110,240,120,270,500,224,0.0132
dragalge,65,75,90,97,123,44,119,141,165,220,278,494,314,0.002
dragapult,88,120,75,100,75,142,262,242,195,175,238,600,22,9.94046
dragonair,61,84,65,70,70,70,154,140,149,140,196,420,481,1e-05
dragonite,91,134,95,100,100,80,214,180,229,200,286,600,33,7.33917
drakloak,68,80,50,60,50,102,182,162,130,110,168,410,521,0.0
dratini,41,64,45,50,50,50,114,100,109,100,136,300,558,0.0
drednaw,90,115,90,48,68,74,189,122,205,116,248,485,269,0.00515
dreepy,28,60,30,40,30,82,142,122,90,70,88,270,727,0.0
drifblim,150,80,44,90,54,80,160,170,124,144,248,498,214,0.01698
drifloon,90,50,34,60,44,70,120,130,84,104,168,348,488,1e-05
drilbur,60,85,40,30,45,68,153,98,125,75,145,328,608,0.0
drizzile,65,60,55,95,55,90,150,185,115,150,175,420,708,0.0
drowzee,60,48,45,43,90,42,90,85,93,133,195,328,655,0.0
ducklett,62,44,50,44,50,55,99,99,94,94,162,305,656,0.0
dudunsparce,125,100,80,85,75,55,155,140,180,160,280,520,307,0.00231
dugtrio,35,100,50,50,70,120,220,170,150,120,155,425,342,0.00107
dugtrio-alola,35,100,60,50,70,110,210,160,160,120,165,425,353,0.00094
dunsparce,100,70,70,65,65,45,115,110,140,130,235,415,368,0.00062
duosion,65,40,50,125,60,30,70,155,90,185,175,370,449,3e-05
duraludon,70,95,115,120,50,85,180,205,210,170,235,535,196,0.02415
dusclops,40,70,130,60,130,25,95,85,200,190,300,455,282,0.00427
dusknoir,45,100,135,65,135,45,145,110,235,200,315,525,319,0.00176
duskull,20,40,90,30,90,25,65,55,130,120,200,295,648,0.0
eelektrik,65,85,70,75,70,40,125,115,155,145,205,405,650,0.0
eelektross,85,115,80,105,80,50,165,155,195,185,245,515,288,0.00354
eevee,55,55,50,45,65,55,110,100,105,110,170,325,525,0.0
eiscue,75,80,110,65,90,50,130,115,190,155,275,470,291,0.00345
ekans,35,60,44,40,54,55,115,95,104,94,133,288,716,0.0
electabuzz,65,83,57,95,85,105,188,200,140,180,207,490,460,2e-05
electivire,75,123,67,95,85,95,218,190,190,180,227,540,139,0.13787
electrode,60,50,70,80,80,150,200,230,120,160,210,490,479,1e-05
electrode-hisui,60,50,70,80,80,150,200,230,120,160,210,490,242,0.00918
elekid,45,63,37,65,55,95,158,160,100,120,137,360,736,0.0
emboar,110,123,65,100,65,65,188,165,188,165,240,528,192,0.02661
empoleon,84,86,88,111,101,60,146,171,174,212,273,530,93,0.73521
enamorus,74,115,70,135,80,106,221,241,185,215,224,580,23,8.83079
enamorus-therian,74,115,110,135,100,46,161,181,225,235,284,580,124,0.26096
entei,115,115,85,90,75,100,215,190,200,165,275,580,133,0.18555
espeon,65,65,60,130,95,110,175,240,125,225,220,525,185,0.03331
espurr,62,48,54,63,60,68,116,131,102,123,176,355,597,0.0
excadrill,110,135,60,50,65,88,223,138,195,115,235,508,45,4.96983
exeggcute,60,40,80,60,45,40,80,100,120,105,185,325,551,0.0
exeggutor,95,95,85,125,75,55,150,180,180,200,255,530,251,0.00758
exeggutor-alola,95,105,85,125,75,45,150,170,190,200,255,530,174,0.04368
falinks,65,100,100,70,60,75,175,145,200,130,225,470,421,0.00012
farigiraf,120,90,70,110,70,60,150,170,160,180,260,520,335,0.00121
feebas,20,15,20,10,55,80,95,90,35,65,95,200,732,0.0
fennekin,40,45,40,62,60,60,105,122,85,122,140,307,676,0.0
feraligatr,85,105,100,79,83,78,183,157,205,162,268,530,132,0.18923
fezandipiti,88,91,82,70,125,99,190,169,173,195,295,555,203,0.02206
fidough,37,55,70,30,55,65,120,95,125,85,162,312,624,0.0
finizen,70,45,40,45,40,75,120,120,85,85,150,315,625,0.0
finneon,49,49,56,49,61,66,115,115,105,110,166,330,702,0.0
flaaffy,70,55,55,80,60,45,100,125,110,140,185,365,717,0.0
flabebe,44,38,39,61,79,42,80,103,77,140,162,303,745,0.0
flamigo,82,115,74,75,64,90,205,165,189,139,220,500,334,0.00124
flapple,70,110,80,95,60,70,180,165,190,155,210,485,230,0.01255
flareon,65,130,60,95,110,65,195,160,190,205,235,525,442,5e-05
fletchinder,62,73,55,56,52,84,157,140,128,108,169,382,420,0.00012
fletchling,45,50,43,40,38,62,112,102,93,78,126,278,573,0.0
flittle,30,35,30,55,30,75,110,130,65,85,90,255,570,0.0
floatzel,85,105,55,85,50,115,220,200,160,135,190,495,127,0.23071
floette,54,45,47,75,98,52,97,127,92,173,199,371,531,0.0
floragato,61,80,63,60,63,83,163,143,143,123,187,410,501,0.0
florges,78,65,68,112,154,75,140,187,133,266,300,552,304,0.00248
flygon,80,100,80,80,80,100,200,180,180,160,240,520,162,0.0557
fomantis,40,55,35,50,35,35,90,85,90,85,110,250,642,0.0
foongus,69,55,45,55,55,15,70,70,100,110,169,294,538,0.0
forretress,75,90,140,60,60,40,130,100,230,120,275,465,175,0.04277
fraxure,66,117,70,40,50,67,184,107,187,90,186,410,560,0.0
frigibax,65,75,45,35,45,55,130,90,120,80,155,320,707,0.0
froakie,41,56,40,62,44,71,127,133,96,106,125,314,743,0.0
frogadier,54,63,52,83,56,97,160,180,115,139,162,405,502,0.0
froslass,70,80,70,80,70,110,190,190,150,150,210,480,340,0.0011
frosmoth,70,65,60,125,90,65,130,190,125,215,220,475,280,0.0045
fuecoco,67,45,59,63,40,36,81,99,104,103,166,310,358,0.00081
furret,85,76,64,45,55,90,166,135,140,100,204,415,276,0.00471
gabite,68,90,65,50,55,82,172,132,155,105,188,410,492,0.0
gallade,68,125,65,65,115,80,205,145,190,180,248,518,247,0.00839
galvantula,70,77,60,97,60,108,185,205,137,157,190,472,96,0.65977
garchomp,108,130,95,80,85,102,232,182,225,165,288,600,72,1.50948
gardevoir,68,65,65,125,115,80,145,205,130,240,248,518,180,0.03935
garganacl,100,100,130,45,90,35,135,80,230,135,320,500,60,2.40598
gastly,30,35,30,100,35,80,115,180,65,135,95,310,516,0.0
gastrodon,111,83,68,92,82,39,122,131,151,174,261,475,182,0.03705
gengar,60,65,60,130,75,110,175,240,125,205,195,500,187,0.03312
geodude,40,80,100,30,30,20,100,50,180,60,170,300,483,1e-05
geodude-alola,40,80,100,30,30,20,100,50,180,60,170,300,567,0.0
gholdengo,87,60,95,133,91,84,144,217,155,224,273,550,8,15.03243
gible,58,70,45,40,45,42,112,82,115,85,148,300,609,0.0
gimmighoul,45,30,70,75,70,10,40,85,100,145,185,300,468,1e-05
gimmighoul-roaming,45,30,25,75,45,80,110,155,55,120,115,300,616,0.0
girafarig,70,80,65,90,65,85,165,175,145,155,200,455,385,0.00036
glaceon,65,60,110,130,95,65,125,195,170,225,270,525,374,0.00049
glalie,80,80,80,80,80,80,160,160,160,160,240,480,400,0.00025
glastrier,100,145,130,65,110,30,175,95,275,175,340,580,245,0.00864
gligar,65,75,105,35,65,85,160,120,180,100,235,430,452,3e-05
glimmet,48,35,42,105,60,60,95,165,77,165,150,350,422,0.00011
glimmora,83,55,90,130,81,86,141,216,145,211,254,525,11,13.86215
gliscor,75,95,125,45,75,95,190,140,220,120,275,510,2,23.75979
gloom,60,65,70,85,75,40,105,125,135,160,205,395,475,1e-05
gogoat,123,100,62,97,81,68,168,165,162,178,266,531,362,0.00074
golduck,80,82,78,95,80,85,167,180,160,175,238,500,143,0.12734
golem,80,120,130,55,65,45,165,100,250,120,275,495,360,0.00078
golem-alola,80,120,130,55,65,45,165,100,250,120,275,495,206,0.02034
golett,59,74,50,35,50,35,109,70,124,85,159,303,580,0.0
golurk,89,124,80,55,80,55,179,110,204,135,249,483,144,0.11395
goodra,90,100,70,110,150,80,180,190,170,260,310,600,261,0.00638
goodra-hisui,80,100,100,110,150,60,160,170,200,260,330,600,106,0.41615
gothitelle,70,55,95,95,110,65,120,160,150,205,275,490,455,3e-05
gothorita,60,45,70,75,85,55,100,130,115,160,215,390,682,0.0
gouging fire,105,115,121,65,93,91,206,156,236,158,319,590,13,12.74239
grafaiai,63,95,65,80,72,110,205,190,160,152,200,485,179,0.04001
granbull,90,120,75,60,60,45,165,105,195,120,225,450,290,0.00348
graveler,55,95,115,45,45,35,130,80,210,90,215,390,547,0.0
graveler-alola,55,95,115,45,45,35,130,80,210,90,215,390,658,0.0
great tusk,115,131,131,53,53,87,218,140,262,106,299,570,3,22.33349
greavard,50,61,60,30,55,34,95,64,121,85,165,290,636,0.0
greedent,120,95,95,55,75,20,115,75,190,130,290,460,390,0.00033
greninja,72,95,67,103,71,122,217,225,162,174,210,530,70,1.53261
grimer,80,80,50,40,50,25,105,65,130,90,180,325,729,0.0
grimer-alola,80,80,50,40,50,25,105,65,130,90,180,325,704,0.0
grimmsnarl,95,120,65,95,75,60,180,155,185,170,235,510,99,0.57629
grookey,50,65,50,40,40,65,130,105,115,80,140,310,668,0.0
grotle,75,89,85,55,65,36,125,91,174,120,225,405,464,2e-05
grovyle,50,65,45,85,65,95,160,180,110,150,160,405,447,4e-05
growlithe,55,70,45,70,50,60,130,130,115,120,150,350,601,0.0
growlithe-hisui,60,75,45,65,50,55,130,120,120,115,155,350,514,0.0
grubbin,47,62,45,55,45,46,108,101,107,100,137,300,694,0.0
grumpig,80,45,65,90,110,80,125,170,110,200,255,470,451,3e-05
gulpin,70,43,53,43,53,40,83,83,96,96,176,302,692,0.0
gumshoos,88,110,60,55,60,45,155,100,170,115,208,418,476,1e-05
gurdurr,85,105,85,40,50,40,145,80,190,90,220,405,550,0.0
gyarados,95,125,79,60,100,81,206,141,204,160,274,540,191,0.02743
hakamo-o,55,75,90,65,70,65,140,130,165,135,215,420,684,0.0
happiny,100,5,5,15,65,30,35,45,10,80,170,220,733,0.0
hariyama,144,120,60,40,60,50,170,90,180,100,264,474,369,0.00058
hatterene,57,90,95,136,103,29,119,165,185,239,255,510,12,12.86241
hattrem,57,40,65,86,73,49,89,135,105,159,195,370,484,1e-05
haunter,45,50,45,115,55,95,145,210,95,170,145,405,321,0.00159
hawlucha,78,92,75,74,63,118,210,192,167,137,216,500,48,4.35294
haxorus,76,147,90,60,70,97,244,157,237,130,236,540,193,0.02652
heatran,91,90,106,130,106,77,167,207,196,236,303,600,38,5.8199
heracross,80,125,75,40,95,85,210,125,200,135,250,500,295,0.0033
hippopotas,68,72,78,38,42,32,104,70,150,80,188,330,543,0.0
hippowdon,108,112,118,68,72,47,159,115,230,140,298,525,83,0.87419
hitmonchan,50,105,79,35,110,76,181,111,184,145,239,455,164,0.05355
hitmonlee,50,120,53,35,110,87,207,122,173,145,213,455,131,0.18936
hitmontop,50,95,95,35,110,70,165,105,190,145,255,455,190,0.02957
honchkrow,100,125,52,105,52,71,196,176,177,157,204,505,377,0.00046
hoopa,80,110,60,150,130,70,180,220,170,280,270,600,322,0.00158
hoopa-unbound,80,160,60,170,130,80,240,250,220,300,270,680,91,0.75009
hoppip,35,35,40,35,55,50,85,85,75,90,130,250,741,0.0
horsea,30,40,70,70,25,60,100,130,110,95,125,295,632,0.0
houndoom,75,90,50,110,80,95,185,205,140,190,205,500,354,0.00091
houndour,45,60,30,80,50,65,125,145,90,130,125,330,738,0.0
houndstone,72,101,100,50,97,68,169,118,201,147,269,488,309,0.00229
hydrapple,106,80,110,120,80,44,124,164,190,200,296,540,42,5.29017
hydreigon,92,105,90,125,90,98,203,223,195,215,272,600,80,0.97704
hypno,85,73,70,73,115,67,140,140,143,188,270,483,500,0.0
illumise,65,47,75,73,85,85,132,158,122,158,225,430,379,0.00043
impidimp,45,45,30,55,40,50,95,105,75,95,115,265,666,0.0
incineroar,95,115,90,80,90,60,175,140,205,170,275,530,118,0.30063
indeedee,60,65,55,105,95,95,160,200,120,200,210,475,71,1.51023
indeedee-f,70,55,65,95,105,85,140,180,120,200,240,475,151,0.08335
infernape,76,104,71,104,71,108,212,212,175,175,218,534,198,0.02369
inkay,53,54,53,37,46,45,99,82,107,83,152,288,555,0.0
inteleon,70,85,65,125,65,120,205,245,150,190,200,530,267,0.0057
iron boulder,90,120,80,68,108,124,244,192,200,176,278,590,7,15.62177
iron crown,90,72,100,122,108,98,170,220,172,230,298,590,49,4.31931
iron hands,154,140,108,50,68,50,190,100,248,118,330,570,86,0.80367
iron jugulis,94,80,86,122,80,108,188,230,166,202,260,570,115,0.31734
iron leaves,90,130,88,70,108,104,234,174,218,178,286,590,200,0.02254
iron moth,80,70,60,140,110,110,180,250,130,250,250,570,34,7.31653
iron thorns,100,134,110,70,84,72,206,142,244,154,294,570,232,0.01206
iron treads,90,112,120,72,70,106,218,178,232,142,280,570,46,4.67253
iron valiant,74,130,90,120,60,116,246,236,220,180,224,590,10,14.3814
ivysaur,60,62,63,80,80,60,122,140,125,160,203,405,657,0.0
jangmo-o,45,55,65,45,45,45,100,90,120,90,155,300,690,0.0
jigglypuff,115,45,20,45,25,20,65,65,65,70,160,270,615,0.0
jirachi,100,100,100,100,100,100,200,200,200,200,300,600,172,0.0459
jolteon,65,65,60,110,95,130,195,240,125,205,220,525,238,0.00995
joltik,50,47,50,57,50,65,112,122,97,107,150,319,586,0.0
jumpluff,75,55,70,55,95,110,165,165,125,150,240,460,459,2e-05
keldeo,91,72,90,129,90,108,180,237,162,219,271,580,57,2.85797
kilowattrel,70,70,60,105,60,125,195,230,130,165,190,490,225,0.01317
kingambit,100,135,120,60,85,50,185,110,255,145,305,550,1,30.1156
kingdra,75,95,95,95,95,85,180,180,190,190,265,540,66,1.64121
kirlia,38,35,35,65,55,50,85,115,70,120,128,278,454,3e-05
klawf,70,100,115,35,55,75,175,110,215,90,240,450,264,0.00613
kleavor,70,135,95,45,70,85,220,130,230,115,235,500,113,0.32216
klefki,57,80,91,80,87,75,155,155,171,167,235,470,209,0.01959
koffing,40,65,95,60,45,35,100,95,160,105,180,340,620,0.0
komala,65,115,65,75,95,65,180,140,180,170,225,480,411,0.00017
kommo-o,75,110,125,100,105,85,195,185,235,205,305,600,159,0.06317
kricketot,37,25,41,25,41,25,50,50,66,66,119,194,576,0.0
kricketune,77,85,51,55,51,65,150,120,136,106,179,384,404,0.00023
krokorok,60,82,45,45,45,74,156,119,127,90,150,351,622,0.0
krookodile,95,117,80,65,70,92,209,157,197,135,245,519,243,0.00876
kubfu,60,90,60,53,50,72,162,125,150,103,170,385,714,0.0
kyurem,125,130,90,130,90,95,225,225,220,220,305,660,19,11.06086
lampent,60,40,60,95,60,55,95,150,100,155,180,370,677,0.0
landorus-therian,89,145,90,105,80,91,236,196,235,185,259,600,28,8.34196
lanturn,125,58,58,76,76,67,125,143,116,152,259,460,213,0.01719
lapras,130,85,80,85,95,60,145,145,165,180,305,535,152,0.08042
larvesta,55,85,55,50,55,60,145,110,140,105,165,360,427,0.00011
larvitar,50,64,50,45,50,41,105,86,114,95,150,300,701,0.0
latias,80,80,90,110,130,110,190,220,170,240,300,600,54,3.29402
latios,80,90,80,130,110,110,200,240,170,240,270,600,47,4.39164
leafeon,65,110,130,60,65,95,205,155,240,125,260,525,349,0.00097
leavanny,75,103,80,70,80,92,195,162,183,150,235,500,273,0.00497
lechonk,54,45,40,35,45,35,80,70,85,80,139,254,491,0.0
lilligant,70,60,75,110,75,90,150,200,135,185,220,480,325,0.00145
lilligant-hisui,70,105,75,50,75,105,210,155,180,125,220,480,81,0.9128
litten,45,65,40,60,40,70,135,130,105,100,125,320,661,0.0
lokix,71,102,78,52,55,92,194,144,180,107,204,450,145,0.11168
lombre,60,50,50,60,70,50,100,110,100,130,180,340,706,0.0
lotad,40,30,30,40,50,30,60,70,60,90,120,220,595,0.0
lucario,70,110,70,115,70,90,200,205,180,185,210,525,253,0.00711
ludicolo,80,70,70,90,100,70,140,160,140,190,250,480,284,0.00409
lumineon,69,69,76,69,86,91,160,160,145,155,231,460,489,1e-05
lurantis,70,105,90,80,90,45,150,125,195,170,250,480,311,0.00219
luvdisc,43,30,55,40,65,97,127,137,85,105,163,330,540,0.0
luxio,60,85,49,60,49,60,145,120,134,109,158,363,645,0.0
luxray,80,120,79,95,79,70,190,165,199,174,238,523,355,0.00091
lycanroc,75,115,65,55,65,112,227,167,180,120,205,487,350,0.00096
lycanroc-dusk,75,117,65,55,65,110,227,165,182,120,205,487,228,0.01272
lycanroc-midnight,85,115,75,55,75,82,197,137,190,130,235,487,387,0.00034
mabosstiff,80,120,90,60,70,85,205,145,210,130,240,505,397,0.00029
magby,45,75,37,70,55,83,158,153,112,125,137,365,509,0.0
magcargo,60,50,120,90,80,30,80,120,170,170,260,430,456,3e-05
magikarp,20,10,55,15,20,80,90,95,65,35,95,200,510,0.0
magmar,65,95,57,100,85,93,188,193,152,185,207,495,495,0.0
magmortar,75,95,67,125,95,83,178,208,162,220,237,540,299,0.00298
magnemite,25,35,70,95,55,45,80,140,105,150,150,325,518,0.0
magneton,50,60,95,120,70,70,130,190,155,190,215,465,415,0.00016
magnezone,70,70,115,130,90,60,130,190,185,220,275,535,108,0.39313
makuhita,72,60,30,20,30,25,85,45,90,50,132,237,735,0.0
malamar,86,92,88,68,75,73,165,141,180,143,249,482,226,0.01305
mamoswine,110,130,80,70,60,80,210,150,210,130,250,530,123,0.26517
manaphy,100,100,100,100,100,100,200,200,200,200,300,600,79,0.99797
mandibuzz,110,65,105,55,95,80,145,135,170,150,310,510,82,0.90057
mankey,40,80,35,35,45,70,150,105,115,80,120,305,494,0.0
mareanie,50,53,62,43,52,45,98,88,115,95,164,305,566,0.0
mareep,55,40,40,65,45,35,75,100,80,110,140,280,487,1e-05
marill,70,20,50,20,50,40,60,60,70,70,170,250,588,0.0
marshtomp,70,85,70,60,70,50,135,110,155,130,210,405,710,0.0
maschiff,60,78,60,40,51,51,129,91,138,91,171,340,545,0.0
masquerain,70,60,62,100,82,80,140,180,122,182,214,454,293,0.00332
maushold,74,75,70,65,75,111,186,176,145,140,219,470,69,1.53625
medicham,60,60,75,60,75,80,140,140,135,135,210,410,298,0.00303
meditite,30,40,55,40,55,60,100,100,95,95,140,280,480,1e-05
meganium,80,82,100,83,100,80,162,163,182,183,280,525,142,0.13074
meloetta,100,77,77,128,128,90,167,218,154,256,305,600,197,0.02395
meowscarada,76,110,70,81,70,123,233,204,180,151,216,530,14,12.63121
meowth,40,45,35,40,40,90,135,130,80,80,115,290,651,0.0
meowth-alola,40,35,35,50,40,90,125,140,70,90,115,290,568,0.0
meowth-galar,50,65,55,40,40,40,105,80,120,80,145,290,646,0.0
mesprit,80,105,105,105,105,80,185,185,210,210,290,580,373,0.00055
metagross,80,135,130,95,90,70,205,165,265,185,300,600,75,1.40914
metang,60,75,100,55,80,50,125,105,175,135,240,420,621,0.0
mew,100,100,100,100,100,100,200,200,200,200,300,600,149,0.10022
mienfoo,45,85,50,55,50,65,150,120,135,105,145,350,424,0.00011
mienshao,65,125,60,95,60,105,230,200,185,155,185,510,249,0.00779
mightyena,70,90,70,60,60,70,160,130,160,120,200,420,348,0.001
milcery,45,40,40,50,61,34,74,84,80,111,146,270,617,0.0
milotic,95,60,79,100,125,81,141,181,139,225,299,540,51,3.74565
mimikyu,55,90,80,50,105,96,186,146,170,155,240,476,178,0.04092
minccino,55,50,40,40,40,75,125,115,90,80,135,300,440,5e-05
minior,60,100,60,100,60,120,220,220,160,160,180,500,74,1.43633
minun,60,40,50,75,85,95,135,170,90,160,195,405,414,0.00016
misdreavus,60,60,60,85,85,85,145,170,120,170,205,435,429,0.00011
mismagius,60,60,60,105,105,105,165,210,120,210,225,495,176,0.04118
moltres,90,100,90,125,85,90,190,215,190,210,265,580,98,0.60977
moltres-galar,90,85,90,100,125,90,175,190,175,225,305,580,147,0.10447
monferno,64,78,52,78,52,81,159,159,130,130,168,405,639,0.0
morgrem,65,60,45,75,55,70,130,145,105,130,165,370,537,0.0
morpeko,58,95,58,70,58,97,192,167,153,128,174,436,306,0.00232
mudbray,70,100,70,45,55,45,145,90,170,100,195,385,590,0.0
mudkip,50,70,50,50,50,40,110,90,120,100,150,310,565,0.0
mudsdale,100,125,100,55,85,35,160,90,225,140,285,500,351,0.00095
muk,105,105,75,65,100,50,155,115,180,165,280,500,441,5e-05
muk-alola,105,105,75,65,100,50,155,115,180,165,280,500,157,0.06363
munchlax,135,85,40,40,85,5,90,45,125,125,260,390,584,0.0
munkidori,88,75,66,130,90,106,181,236,141,220,244,555,234,0.01147
murkrow,60,85,42,85,42,91,176,176,127,127,144,405,396,0.00029
nacli,55,55,75,35,35,25,80,60,130,70,165,280,734,0.0
naclstack,60,60,100,35,65,35,95,70,160,100,225,355,505,0.0
necrozma,97,107,101,127,89,79,186,206,208,216,287,600,125,0.25612
ninetales,73,76,75,81,100,100,176,181,151,181,248,505,171,0.04601
ninetales-alola,73,67,75,81,100,109,176,190,142,181,248,505,58,2.47287
noctowl,100,50,50,86,96,70,120,156,100,182,246,452,432,9e-05
noibat,40,30,35,45,40,55,85,100,65,85,115,245,713,0.0
noivern,85,70,80,97,80,123,193,220,150,177,245,535,262,0.00635
nosepass,30,45,135,45,90,30,75,75,180,135,255,375,435,7e-05
numel,60,60,40,65,45,35,95,100,100,110,145,305,430,0.0001
nuzleaf,70,70,40,60,40,60,130,120,110,100,150,340,629,0.0
nymble,33,46,40,21,25,45,91,66,86,46,98,210,675,0.0
oddish,45,50,55,75,65,30,80,105,105,140,165,320,731,0.0
ogerpon,80,120,84,60,96,110,230,170,204,156,260,550,77,1.01931
ogerpon-cornerstone,80,120,84,60,96,110,230,170,204,156,260,550,92,0.74764
ogerpon-wellspring,80,120,84,60,96,110,230,170,204,156,260,550,53,3.42911
oinkologne,110,100,75,59,80,65,165,124,175,139,265,489,496,0.0
oinkologne-f,115,90,70,59,90,65,155,124,160,149,275,489,333,0.00126
okidogi,88,128,115,58,86,80,208,138,243,144,289,555,205,0.02172
oranguru,90,60,80,90,110,60,120,150,140,200,280,490,485,1e-05
oricorio,75,70,70,98,70,93,163,191,140,168,215,476,431,0.0001
oricorio-pa'u,75,70,70,98,70,93,163,191,140,168,215,476,499,0.0
oricorio-pom-pom,75,70,70,98,70,93,163,191,140,168,215,476,399,0.00027
oricorio-sensu,75,70,70,98,70,93,163,191,140,168,215,476,332,0.00129
orthworm,70,85,145,60,55,65,150,125,230,115,270,480,244,0.00867
oshawott,55,55,45,63,45,45,100,108,100,108,145,308,493,0.0
overqwil,85,115,95,65,65,85,200,150,210,130,245,510,101,0.48528
pachirisu,60,45,70,45,90,95,140,140,115,135,220,405,277,0.00467
palossand,85,75,110,100,75,35,110,135,185,175,270,480,370,0.00057
passimian,100,120,90,40,60,80,200,120,210,100,250,490,436,6e-05
pawmi,45,50,20,40,25,60,110,100,70,65,90,240,724,0.0
pawmo,60,75,40,50,40,85,160,135,115,90,140,350,722,0.0
pawmot,70,115,70,70,60,105,220,175,185,130,200,490,110,0.34991
pawniard,45,85,70,40,40,60,145,100,155,80,155,340,246,0.0085
pelipper,60,50,100,95,70,65,115,160,150,165,230,440,39,5.3516
perrserker,70,110,100,50,60,50,160,100,210,110,230,440,389,0.00033
persian,65,70,60,65,65,115,185,180,130,130,190,440,437,6e-05
persian-alola,65,60,60,75,65,115,175,190,120,140,190,440,482,1e-05
petilil,45,35,50,70,50,30,65,100,85,120,145,280,726,0.0
phanpy,90,60,60,40,40,40,100,80,120,80,190,330,691,0.0
phantump,43,70,48,50,60,38,108,88,118,110,151,309,698,0.0
phione,80,80,80,80,80,80,160,160,160,160,240,480,418,0.00012
pichu,20,40,15,35,35,60,100,95,55,70,70,205,469,1e-05
pignite,90,93,55,70,55,55,148,125,148,125,200,418,533,0.0
pikachu,35,55,40,50,50,90,145,140,95,100,125,320,318,0.00182
pikipek,35,75,30,30,30,65,140,95,105,60,95,265,339,0.00111
piloswine,100,100,80,60,60,50,150,110,180,120,240,450,462,2e-05
pincurchin,48,101,95,91,85,15,116,106,196,176,228,435,122,0.27419
pineco,50,65,90,35,35,15,80,50,155,70,175,290,474,1e-05
piplup,53,51,53,61,56,40,91,101,104,117,162,314,673,0.0
plusle,60,50,40,85,75,95,145,180,90,160,175,405,403,0.00023
politoed,90,75,75,90,100,70,145,160,150,190,265,500,211,0.01821
poliwag,40,50,40,40,40,90,140,130,90,80,120,300,623,0.0
poliwhirl,65,65,65,50,50,90,155,140,130,100,180,385,438,6e-05
poliwrath,90,95,95,70,90,70,165,140,190,160,275,510,263,0.00629
poltchageist,40,45,45,74,54,50,95,124,90,128,139,308,678,0.0
polteageist,60,65,65,134,114,70,135,204,130,248,239,508,136,0.17144
poochyena,35,55,35,30,30,35,90,65,90,60,100,220,663,0.0
porygon,65,60,70,85,75,40,100,125,130,160,210,395,519,0.0
porygon-z,85,80,70,135,75,90,170,225,150,210,230,535,116,0.30555
porygon2,85,80,90,105,95,60,140,165,170,200,270,515,166,0.04848
primarina,80,74,74,126,116,60,134,186,148,242,270,530,32,7.46975
primeape,65,105,60,60,70,95,200,155,165,130,195,455,292,0.00337
prinplup,64,66,68,81,76,50,116,131,134,157,208,405,669,0.0
probopass,60,55,145,75,150,40,95,115,200,225,355,525,356,0.0009
psyduck,50,52,48,65,50,55,107,120,100,115,148,320,534,0.0
pupitar,70,84,70,65,70,51,135,116,154,135,210,410,664,0.0
pyroar,86,68,72,109,66,106,174,215,140,175,224,507,394,0.00029
quagsire,95,85,85,65,65,35,120,100,170,130,245,430,107,0.39907
quaquaval,85,120,80,85,75,85,205,170,200,160,240,530,114,0.32041
quaxly,55,65,45,50,45,50,115,100,110,95,145,310,544,0.0
quaxwell,70,85,65,65,60,65,150,130,150,125,195,410,703,0.0
quilava,58,64,58,80,65,80,144,160,122,145,181,405,644,0.0
quilladin,61,78,95,56,58,57,135,113,173,114,214,405,507,0.0
qwilfish,65,95,85,55,55,85,180,140,180,110,205,440,406,0.00021
qwilfish-hisui,65,95,85,55,55,85,180,140,180,110,205,440,412,0.00016
raboot,65,86,60,55,60,94,180,149,146,115,185,420,503,0.0
rabsca,75,50,85,115,100,45,95,160,135,215,260,470,287,0.00356
raging bolt,125,73,91,137,89,75,148,212,164,226,305,590,9,14.62802
raichu,60,90,55,90,80,110,200,200,145,170,195,485,302,0.00264
raichu-alola,60,85,50,95,85,110,195,205,135,180,195,485,347,0.00102
raikou,90,85,75,115,100,115,200,230,160,215,265,580,134,0.18241
ralts,28,25,25,45,35,40,65,85,50,80,88,198,587,0.0
rampardos,97,165,60,65,50,58,223,123,225,115,207,495,173,0.04549
regice,80,50,100,100,200,50,100,150,150,300,380,580,278,0.00457
regidrago,200,100,50,100,50,80,180,180,150,150,300,580,294,0.00332
regigigas,110,160,110,80,110,100,260,180,270,190,330,670,194,0.02506
regirock,80,100,200,50,100,50,150,100,300,150,380,580,279,0.00454
registeel,80,75,150,75,150,50,125,125,225,225,380,580,195,0.02484
reuniclus,110,65,75,125,85,30,95,155,140,210,270,490,84,0.86163
revavroom,80,119,90,54,67,90,209,144,209,121,237,500,177,0.04109
rhydon,105,130,120,45,45,40,170,85,250,90,270,485,199,0.02276
rhyhorn,80,85,95,30,30,25,110,55,180,60,205,345,600,0.0
rhyperior,115,140,130,55,55,40,180,95,270,110,300,535,167,0.04829
ribombee,60,55,60,95,70,124,179,219,115,165,190,464,64,1.89658
rillaboom,100,125,90,60,70,85,210,145,215,130,260,530,16,11.82006
riolu,40,70,40,35,40,60,130,95,110,75,120,285,498,0.0
roaring moon,105,139,71,55,101,119,258,174,210,156,277,590,4,17.9912
rockruff,45,65,40,30,40,60,125,90,105,70,125,280,659,0.0
rookidee,38,47,35,33,35,57,104,90,82,68,108,245,705,0.0
rotom,50,50,77,95,77,91,141,186,127,172,204,440,380,0.00042
rotom-fan,50,65,107,105,107,86,151,191,172,212,264,520,423,0.00011
rotom-frost,50,65,107,105,107,86,151,191,172,212,264,520,248,0.00823
rotom-heat,50,65,107,105,107,86,151,191,172,212,264,520,181,0.03777
rotom-mow,50,65,107,105,107,86,151,191,172,212,264,520,391,0.00031
rotom-wash,50,65,107,105,107,86,151,191,172,212,264,520,52,3.43985
rowlet,68,55,55,50,50,42,97,92,110,100,173,320,628,0.0
rufflet,70,83,50,37,50,60,143,97,133,87,170,350,612,0.0
sableye,50,75,75,65,65,50,125,115,150,130,190,380,218,0.01409
salamence,95,135,80,110,80,100,235,210,215,190,255,600,112,0.32384
salandit,48,44,40,71,40,77,121,148,84,111,128,320,563,0.0
salazzle,68,64,60,111,60,117,181,228,124,171,188,480,235,0.01119
samurott,95,100,85,108,70,70,170,178,185,178,250,528,372,0.00055
samurott-hisui,90,108,80,100,65,85,193,185,188,165,235,528,20,10.53742
sandaconda,72,107,125,65,70,71,178,136,232,135,267,510,286,0.00359
sandile,50,72,35,35,35,65,137,100,107,70,120,292,715,0.0
sandshrew,50,75,85,20,30,40,115,60,160,50,165,300,699,0.0
sandshrew-alola,50,75,90,10,35,40,115,50,165,45,175,300,670,0.0
sandslash,75,100,110,45,55,65,165,110,210,100,240,450,365,0.00065
sandslash-alola,75,100,120,25,65,65,165,90,220,90,260,450,275,0.00473
sandy shocks,85,81,97,121,85,101,182,222,178,206,267,570,111,0.34162
sawsbuck,80,100,70,60,70,95,195,155,170,130,220,475,343,0.00107
sceptile,70,85,65,105,85,120,205,225,150,190,220,530,210,0.01917
scizor,70,130,100,55,80,65,195,120,230,135,250,500,76,1.26535
scorbunny,50,71,40,40,40,69,140,109,111,80,130,310,633,0.0
scovillain,65,108,65,108,65,75,183,183,173,173,195,486,237,0.01055
scrafty,65,90,115,45,115,58,148,103,205,160,295,488,201,0.02236
scraggy,50,75,70,35,70,48,123,83,145,105,190,348,689,0.0
scream tail,115,65,99,65,115,111,176,176,164,180,329,570,105,0.42545
scyther,70,110,80,55,80,105,215,160,190,135,230,500,330,0.0013
seadra,55,65,95,95,45,85,150,180,160,140,195,440,662,0.0
seedot,40,40,50,30,30,30,70,60,90,60,120,220,506,0.0
seel,65,45,55,45,70,45,90,90,100,115,190,325,730,0.0
sentret,35,46,34,35,45,20,66,55,80,80,114,215,610,0.0
serperior,75,75,95,75,95,113,188,188,170,170,265,528,35,6.62136
servine,60,60,75,60,75,83,143,143,135,135,210,413,448,4e-05
seviper,73,100,60,100,60,65,165,165,160,160,193,458,433,8e-05
sewaddle,45,53,70,40,60,42,95,82,123,100,175,310,557,0.0
shaymin,100,100,100,100,100,100,200,200,200,200,300,600,367,0.00064
shelgon,65,95,100,60,50,50,145,110,195,110,215,420,395,0.00029
shellder,30,65,100,45,25,40,105,85,165,70,155,305,467,2e-05
shellos,76,48,48,57,62,34,82,91,96,119,186,325,709,0.0
shieldon,30,42,118,42,88,30,72,72,160,130,236,350,578,0.0
shiftry,90,100,60,90,60,80,180,170,160,150,210,480,272,0.00505
shinx,45,65,34,40,34,45,110,85,99,74,113,263,728,0.0
shroodle,40,65,35,40,35,75,140,115,100,75,110,290,559,0.0
shroomish,60,40,60,40,60,35,75,75,100,100,180,295,700,0.0
shuppet,44,75,35,63,33,45,120,108,110,96,112,295,686,0.0
silicobra,52,57,75,35,50,46,103,81,132,85,177,315,497,0.0
sinistcha,71,60,106,121,80,70,130,191,166,201,257,508,104,0.45573
sinistea,40,45,45,74,54,50,95,124,90,128,139,308,541,0.0
skarmory,65,80,140,40,70,70,150,110,220,110,275,465,5,17.31482
skeledirge,104,75,100,110,75,66,141,176,175,185,279,530,24,8.79375
skiddo,66,65,48,62,57,52,117,114,113,119,171,350,685,0.0
skiploom,55,45,50,45,65,80,125,125,95,110,170,340,660,0.0
skuntank,103,93,67,71,61,84,177,155,160,132,231,479,410,0.00018
slaking,150,160,100,95,65,100,260,195,260,160,315,670,329,0.00137
sliggoo,68,75,53,83,113,60,135,143,128,196,234,452,635,0.0
sliggoo-hisui,58,75,83,83,113,40,115,123,158,196,254,452,542,0.0
slither wing,85,135,79,85,105,81,216,166,214,190,269,570,156,0.06764
slowbro,95,75,110,100,80,30,105,130,185,180,285,490,153,0.07642
slowbro-galar,95,100,95,100,70,30,130,130,195,170,260,490,189,0.03017
slowking,95,75,80,100,110,30,105,130,155,210,285,490,117,0.30393
slowking-galar,95,65,80,110,110,30,95,140,145,220,285,490,6,16.09681
slowpoke,90,65,65,40,40,15,80,55,130,80,195,315,575,0.0
slowpoke-galar,90,65,65,40,40,15,80,55,130,80,195,315,718,0.0
slugma,40,40,40,70,40,20,60,90,80,110,120,250,649,0.0
smeargle,55,20,35,20,45,75,95,95,55,65,135,250,90,0.75206
smoliv,41,35,45,58,51,30,65,88,80,109,137,260,696,0.0
sneasel,55,95,55,35,75,115,210,150,150,110,185,430,536,0.0
sneasel-hisui,55,95,55,35,75,115,210,150,150,110,185,430,511,0.0
snivy,45,45,55,45,55,63,108,108,100,100,155,308,478,1e-05
snom,30,25,35,45,30,20,45,65,60,75,95,185,638,0.0
snorlax,160,110,65,65,110,30,140,95,175,175,335,540,257,0.00692
snorunt,50,50,50,50,50,50,100,100,100,100,150,300,553,0.0
snover,60,62,50,62,60,40,102,102,112,122,170,334,546,0.0
sobble,50,40,40,70,40,70,110,140,80,110,130,310,667,0.0
solosis,45,30,40,105,50,20,50,125,70,155,135,290,596,0.0
spewpa,45,22,60,27,30,29,51,56,82,57,135,213,631,0.0
spidops,60,79,92,52,86,35,114,87,171,138,238,404,313,0.00206
spinarak,40,60,40,40,40,30,90,70,100,80,120,250,742,0.0
spiritomb,50,92,108,92,108,35,127,127,200,200,266,485,363,0.00073
spoink,60,25,35,70,80,60,85,130,60,150,175,330,593,0.0
sprigatito,40,61,54,45,45,65,126,110,115,90,139,310,561,0.0
squawkabilly,82,96,51,45,51,92,188,137,147,96,184,417,296,0.00327
squirtle,44,48,65,50,64,43,91,93,113,114,173,314,579,0.0
stantler,73,95,62,85,65,85,180,170,157,150,200,465,472,1e-05
staraptor,85,120,70,50,60,100,220,150,190,110,215,485,184,0.03439
staravia,55,75,50,40,40,80,155,120,125,80,145,340,680,0.0
starly,40,55,30,30,30,60,115,90,85,60,100,245,457,3e-05
steenee,52,40,48,40,48,62,102,102,88,88,148,290,461,2e-05
stonjourner,100,125,135,20,20,70,195,90,260,40,255,470,407,0.00019
stunky,63,63,47,41,41,74,137,115,110,82,151,329,721,0.0
sudowoodo,70,100,115,30,65,30,130,60,215,95,250,410,416,0.00014
suicune,100,75,115,90,115,85,160,175,190,205,330,580,95,0.66085
sunflora,75,75,55,105,85,30,105,135,130,190,215,425,470,1e-05
sunkern,30,30,30,30,30,30,60,60,60,60,90,180,569,0.0
surskit,40,30,32,50,52,65,95,115,62,102,124,269,413,0.00016
swablu,45,40,60,40,75,50,90,90,100,115,180,310,719,0.0
swadloon,55,63,90,50,80,42,105,92,153,130,225,380,388,0.00034
swalot,100,73,83,73,83,55,128,128,156,156,266,467,266,0.00577
swampert,100,110,90,85,90,60,170,145,200,175,280,535,130,0.19374
swanna,75,87,63,87,63,98,185,185,150,150,201,473,527,0.0
swinub,50,50,40,30,30,50,100,80,90,60,120,250,683,0.0
sylveon,95,65,65,110,130,60,125,170,130,240,290,525,217,0.01553
tadbulb,61,31,41,59,35,45,76,104,72,94,137,272,583,0.0
talonflame,78,81,71,74,69,126,207,200,152,143,218,499,103,0.45703
tandemaus,50,50,45,40,45,75,125,115,95,85,140,305,434,7e-05
tarountula,35,41,45,29,40,20,61,49,86,69,120,210,532,0.0
tatsugiri,68,50,60,120,95,82,132,202,110,215,223,475,315,0.00197
tauros,75,100,95,40,70,110,210,150,195,110,240,490,274,0.0049
tauros-paldea-aqua,75,110,105,30,70,100,210,130,215,100,250,490,256,0.00701
tauros-paldea-blaze,75,110,105,30,70,100,210,130,215,100,250,490,202,0.0223
tauros-paldea-combat,75,110,105,30,70,100,210,130,215,100,250,490,409,0.00019
teddiursa,60,80,50,50,50,40,120,90,130,100,160,330,720,0.0
tentacool,40,40,35,50,100,70,110,120,75,150,175,335,634,0.0
tentacruel,80,70,65,80,120,100,170,180,135,200,265,515,120,0.29253
tepig,65,63,45,45,45,45,108,90,108,90,155,308,641,0.0
terrakion,91,129,90,72,90,108,237,180,219,162,271,580,188,0.03105
thundurus,79,115,70,125,80,111,226,236,185,205,229,580,208,0.01987
thundurus-therian,79,105,70,145,80,101,206,246,175,225,229,580,109,0.38491
thwackey,70,85,70,55,60,80,165,135,155,115,200,420,630,0.0
timburr,75,80,55,25,35,35,115,60,135,60,165,305,426,0.00011
ting-lu,155,110,125,55,80,45,155,100,235,135,360,570,37,6.54611
tinkatink,50,45,45,35,64,58,103,93,90,99,159,297,589,0.0
tinkaton,85,75,77,70,105,94,169,164,152,175,267,506,169,0.0479
tinkatuff,65,55,55,45,82,78,133,123,110,127,202,380,528,0.0
toedscool,40,40,35,50,100,70,110,120,75,150,175,335,517,0.0
toedscruel,80,70,65,80,120,100,170,180,135,200,265,515,89,0.75779
torchic,45,60,40,70,50,45,105,115,100,120,135,310,654,0.0
torkoal,70,85,140,85,70,20,105,105,225,155,280,470,40,5.34309
tornadus,79,115,70,125,80,111,226,236,185,205,229,580,352,0.00094
tornadus-therian,79,100,80,110,90,121,221,231,180,200,249,580,78,1.0075
torracat,65,85,50,80,50,90,175,170,135,130,165,420,473,1e-05
torterra,95,109,105,75,85,56,165,131,214,160,285,525,165,0.05096
totodile,50,65,64,44,48,43,108,87,129,92,162,314,384,0.00038
toucannon,80,120,75,75,75,60,180,135,195,150,230,485,252,0.00715
toxapex,50,63,152,53,142,35,98,88,215,195,344,495,26,8.46688
toxel,40,38,35,54,35,40,78,94,73,89,110,242,712,0.0
toxicroak,83,106,65,86,65,85,191,171,171,151,213,490,328,0.00137
toxtricity,75,98,70,114,70,75,173,189,168,184,215,502,229,0.01268
trapinch,45,100,45,45,45,10,110,55,145,90,135,290,331,0.00129
treecko,40,45,35,65,55,70,115,135,80,120,130,310,611,0.0
trevenant,85,110,76,65,82,56,166,121,186,147,243,474,336,0.0012
tropius,99,68,83,72,87,51,119,123,151,159,269,460,444,4e-05
trumbeak,55,85,50,40,50,75,160,115,135,90,155,355,466,2e-05
tsareena,72,120,98,50,98,72,192,122,218,148,268,510,239,0.00979
turtwig,55,68,64,45,55,31,99,76,132,100,174,318,504,0.0
tynamo,35,55,40,45,40,60,115,105,95,85,115,275,737,0.0
typhlosion,78,84,78,109,85,100,184,209,162,194,241,534,338,0.00117
typhlosion-hisui,73,84,78,119,85,95,179,214,162,204,236,534,186,0.03321
tyranitar,100,134,110,95,100,61,195,156,244,195,310,600,56,3.03829
tyrogue,35,35,35,35,35,35,70,70,70,70,105,210,592,0.0
umbreon,95,65,110,60,130,65,130,125,175,190,335,525,170,0.0477
ursaluna,130,140,105,45,80,50,190,95,245,125,315,550,85,0.83321
ursaring,90,130,75,75,75,55,185,130,205,150,240,500,378,0.00046
uxie,75,75,130,75,130,95,170,170,205,205,335,580,241,0.00931
vaporeon,130,65,60,110,95,65,130,175,125,205,285,525,300,0.00265
varoom,45,70,63,30,45,47,117,77,133,75,153,300,688,0.0
veluza,90,102,73,78,65,70,172,148,175,143,228,478,310,0.00223
venomoth,70,65,60,90,75,90,155,180,125,165,205,450,268,0.00534
venonat,60,55,50,40,55,45,100,85,105,95,165,305,554,0.0
venusaur,80,82,83,100,100,80,162,180,165,200,263,525,68,1.54674
vespiquen,70,80,102,80,102,40,120,120,182,182,274,474,408,0.00019
vibrava,50,70,50,50,50,70,140,120,120,100,150,340,627,0.0
victreebel,80,105,65,100,70,70,175,170,170,170,215,490,371,0.00057
vigoroth,80,80,80,55,55,90,170,145,160,110,215,440,383,0.00039
vikavolt,77,70,90,145,75,43,113,188,160,220,242,500,250,0.0077
vileplume,75,80,85,110,90,50,130,160,165,200,250,490,221,0.01382
virizion,91,90,72,90,129,108,198,198,162,219,292,580,366,0.00065
vivillon,80,52,50,90,50,89,141,179,102,140,180,411,212,0.01732
volbeat,65,73,75,47,85,85,158,132,148,132,225,430,361,0.00077
volcanion,80,110,120,130,90,70,180,200,230,220,290,600,88,0.75857
volcarona,85,60,65,135,105,100,160,235,125,240,255,550,18,11.49681
voltorb,40,30,50,55,55,100,130,155,80,110,145,330,552,0.0
voltorb-hisui,40,30,50,55,55,100,130,155,80,110,145,330,425,0.00011
vullaby,70,55,75,45,65,60,115,105,130,110,210,370,428,0.00011
vulpix,38,41,40,50,65,65,106,115,81,115,143,299,443,5e-05
vulpix-alola,38,41,40,50,65,65,106,115,81,115,143,299,665,0.0
walking wake,99,83,91,125,83,109,192,234,174,208,273,590,41,5.33567
wartortle,59,63,80,65,80,58,121,123,143,145,219,405,320,0.00164
wattrel,40,40,35,55,40,70,110,125,75,95,115,280,574,0.0
weavile,70,120,65,45,85,125,245,170,185,130,220,510,25,8.61644
weepinbell,65,90,50,85,45,55,145,140,140,130,160,390,539,0.0
weezing,65,90,120,85,70,60,150,145,210,155,255,490,419,0.00012
weezing-galar,65,90,120,85,70,60,150,145,210,155,255,490,59,2.4318
whimsicott,60,67,85,77,75,116,183,193,152,152,220,480,150,0.08443
whiscash,110,78,73,76,71,60,138,136,151,147,254,468,323,0.00153
wigglytuff,140,70,45,85,50,45,115,130,115,135,235,435,477,1e-05
wiglett,10,55,25,35,25,95,150,130,80,60,60,245,739,0.0
wingull,40,30,30,55,30,85,115,140,60,85,100,270,571,0.0
wo-chien,85,85,100,95,135,70,155,165,185,230,320,570,207,0.02002
wooper,55,45,45,25,25,15,60,40,90,50,125,210,652,0.0
wooper-paldea,55,45,45,25,25,15,60,40,90,50,125,210,523,0.0
wugtrio,35,100,50,50,70,120,220,170,150,120,155,425,341,0.00108
wyrdeer,103,105,72,105,75,65,170,170,177,180,250,525,326,0.00138
yanma,65,65,45,75,45,95,160,170,110,120,155,390,530,0.0
yanmega,86,76,86,116,56,95,171,211,162,172,228,515,285,0.00376
yungoos,48,70,30,30,30,45,115,75,100,60,108,253,614,0.0
zamazenta,92,120,115,80,115,138,258,218,235,195,322,660,27,8.40917
zangoose,73,115,60,60,60,90,205,150,175,120,193,458,317,0.00188
zapdos,90,90,85,125,90,100,190,225,175,215,265,580,62,2.08551
zapdos-galar,90,125,90,85,90,100,225,185,215,175,270,580,168,0.04791
zarude,105,120,105,70,95,105,225,175,225,165,305,600,255,0.00709
zebstrika,75,100,63,80,63,116,216,196,163,143,201,497,233,0.01197
zoroark,60,105,60,120,60,105,210,225,165,180,180,510,386,0.00036
zoroark-hisui,55,100,60,125,60,110,210,235,160,185,175,510,128,0.22221
zorua,40,65,40,80,40,65,130,145,105,120,120,330,548,0.0
zorua-hisui,35,60,40,85,40,70,130,155,100,125,115,330,535,0.0
zweilous,72,85,70,65,70,58,143,123,155,135,212,420,604,0.0
