name,hp,atk,def,spa,spd,spe,physweep,spesweep,phytank,spetank,wall,total,rank,usage
abomasnow,90,92,75,92,85,60,152,152,167,177,250,494,379,0.0075
aipom,55,70,55,40,55,85,155,125,125,95,165,360,536,0.00033
alcremie,65,60,75,110,121,64,124,174,135,231,261,495,314,0.01861
alomomola,165,75,80,40,45,65,140,105,155,85,290,470,45,2.3382
altaria,75,70,90,70,105,80,150,150,160,175,270,490,353,0.01095
ambipom,75,100,66,60,66,115,215,175,166,126,207,482,227,0.0594
amoonguss,114,85,70,85,80,30,115,115,155,165,264,464,132,0.26201
ampharos,90,75,85,115,90,55,130,170,160,205,265,510,447,0.00238
annihilape,110,115,80,50,90,90,205,140,195,140,280,535,79,0.77387
appletun,110,85,80,100,80,30,115,130,165,180,270,485,421,0.00364
applin,40,40,80,40,40,20,60,60,120,80,160,260,646,1e-05
araquanid,68,70,92,50,132,42,112,92,162,182,292,454,192,0.09461
arbok,60,95,69,65,79,80,175,145,164,144,208,448,437,0.00289
arboliva,78,69,90,125,109,39,108,164,159,234,277,510,221,0.06619
arcanine,90,110,80,100,80,95,205,195,190,180,250,555,204,0.08031
arcanine-hisui,95,115,80,95,80,90,205,185,195,175,255,555,188,0.1001
arceus,120,120,120,120,120,120,240,240,240,240,360,720,3,48.3066
arceus-bug,120,120,120,120,120,120,240,240,240,240,360,720,168,0.13842
arceus-dark,120,120,120,120,120,120,240,240,240,240,360,720,38,3.13884
arceus-dragon,120,120,120,120,120,120,240,240,240,240,360,720,107,0.43856
arceus-electric,120,120,120,120,120,120,240,240,240,240,360,720,138,0.23796
arceus-fairy,120,120,120,120,120,120,240,240,240,240,360,720,9,16.68758
arceus-fighting,120,120,120,120,120,120,240,240,240,240,360,720,185,0.10735
arceus-fire,120,120,120,120,120,120,240,240,240,240,360,720,126,0.29697
arceus-flying,120,120,120,120,120,120,240,240,240,240,360,720,275,0.03459
arceus-ghost,120,120,120,120,120,120,240,240,240,240,360,720,113,0.39095
arceus-grass,120,120,120,120,120,120,240,240,240,240,360,720,96,0.54881
arceus-ground,120,120,120,120,120,120,240,240,240,240,360,720,10,12.95987
arceus-ice,120,120,120,120,120,120,240,240,240,240,360,720,117,0.35276
arceus-poison,120,120,120,120,120,120,240,240,240,240,360,720,106,0.44713
arceus-psychic,120,120,120,120,120,120,240,240,240,240,360,720,235,0.05557
arceus-rock,120,120,120,120,120,120,240,240,240,240,360,720,108,0.43151
arceus-steel,120,120,120,120,120,120,240,240,240,240,360,720,73,0.88711
arceus-water,120,120,120,120,120,120,240,240,240,240,360,720,61,1.2138
archaludon,90,105,130,125,65,85,190,210,235,190,285,600,76,0.82492
arctibax,90,95,66,45,65,62,157,107,161,110,221,423,642,1e-05
ariados,70,90,70,60,70,40,130,100,160,130,210,400,390,0.00642
armarouge,85,60,100,125,80,75,135,200,160,205,265,525,304,0.02238
arrokuda,41,63,40,40,30,66,129,106,103,70,111,280,801,0.0
articuno,90,85,100,95,125,85,170,180,185,220,315,580,426,0.0032
articuno-galar,90,85,85,125,100,95,180,220,170,225,275,580,309,0.02009
avalugg,95,117,184,44,46,28,145,72,301,90,325,514,377,0.00773
avalugg-hisui,95,127,184,34,36,38,165,72,311,70,315,514,369,0.0082
axew,46,87,60,30,40,57,144,87,147,70,146,320,548,0.00024
azelf,75,125,70,125,70,115,240,240,195,195,215,580,306,0.02117
azumarill,100,50,80,60,80,50,100,110,130,140,260,420,173,0.11726
azurill,50,20,40,20,40,20,40,40,60,60,130,190,653,0.0
bagon,45,75,60,40,30,50,125,90,135,70,135,300,705,0.0
banette,64,115,65,83,63,65,180,148,180,146,192,455,643,1e-05
barraskewda,61,123,60,60,50,136,259,196,183,110,171,490,195,0.09283
basculegion,120,112,65,80,75,78,190,158,177,155,260,530,25,5.16439
basculegion-f,120,92,65,100,75,78,170,178,157,175,260,530,286,0.03009
basculin,70,92,65,80,55,98,190,178,157,135,190,460,454,0.00211
bastiodon,60,52,168,47,138,30,82,77,220,185,366,495,182,0.11097
baxcalibur,115,145,92,75,86,87,232,162,237,161,293,600,105,0.4488
bayleef,60,62,80,63,80,60,122,123,142,143,220,405,793,0.0
beartic,95,130,80,70,80,50,180,120,210,150,255,505,414,0.00389
beldum,40,55,80,35,60,30,85,65,135,95,180,300,688,0.0
bellibolt,109,64,91,103,83,45,109,148,155,186,283,495,300,0.02547
bellossom,75,80,95,90,100,50,130,140,175,190,270,490,123,0.33401
bellsprout,50,75,35,70,30,40,115,110,110,100,115,300,500,0.00084
bergmite,55,69,85,32,35,28,97,60,154,67,175,304,560,0.00017
bisharp,65,125,100,60,70,70,195,130,225,130,235,490,256,0.04405
blastoise,79,83,100,85,105,78,161,163,183,190,284,530,194,0.09339
blaziken,80,120,70,110,70,80,200,190,190,180,220,530,109,0.42875
blissey,255,10,10,75,135,55,65,130,20,210,400,540,23,6.07029
blitzle,45,60,32,50,32,76,136,126,92,82,109,295,639,1e-05
bombirdier,70,103,85,60,85,82,185,142,188,145,240,485,416,0.00381
bonsly,50,80,95,10,45,10,90,20,175,55,190,290,588,7e-05
bounsweet,42,30,38,30,38,32,62,62,68,68,118,210,686,0.0
braixen,59,59,58,90,70,73,132,163,117,160,187,409,570,0.00015
brambleghast,55,115,70,80,70,90,205,170,185,150,195,480,346,0.01324
bramblin,40,65,30,45,35,60,125,105,95,80,105,275,815,0.0
braviary,100,123,75,57,75,80,203,137,198,132,250,510,457,0.00199
braviary-hisui,110,83,70,112,70,65,148,177,153,182,250,510,355,0.00968
breloom,60,130,80,60,60,70,200,130,210,120,200,460,129,0.28164
brionne,60,69,69,91,81,50,119,141,138,172,210,420,778,0.0
bronzong,67,89,116,79,116,33,122,112,205,195,299,500,473,0.00133
bronzor,57,24,86,24,86,23,47,47,110,110,229,300,613,3e-05
brute bonnet,111,127,99,79,99,55,182,134,226,178,309,570,247,0.04857
bruxish,68,105,70,70,70,92,197,162,175,140,208,475,410,0.00422
buizel,55,65,35,60,30,85,150,145,100,90,120,330,587,8e-05
bulbasaur,45,49,49,65,65,45,94,110,98,130,159,318,478,0.00116
cacnea,50,85,40,85,40,35,120,120,125,125,130,335,761,0.0
cacturne,70,115,60,115,60,55,170,170,175,175,190,475,311,0.01963
calyrex,100,80,80,80,80,80,160,160,160,160,260,500,673,0.0
calyrex-ice,100,165,150,85,130,50,215,135,315,215,380,680,21,6.41076
calyrex-shadow,100,85,80,165,100,150,235,315,165,265,280,680,1,64.70751
camerupt,70,100,70,105,75,40,140,145,170,180,215,460,544,0.00027
capsakid,50,62,40,62,40,50,112,112,102,102,130,304,605,4e-05
carbink,50,50,150,50,150,50,100,100,200,200,350,500,302,0.02403
carkol,80,60,90,60,70,50,110,110,150,130,240,410,514,0.00054
ceruledge,75,125,80,60,100,85,210,145,205,160,255,525,118,0.34909
cetitan,170,113,65,45,55,73,186,118,178,100,290,521,335,0.01479
cetoddle,108,68,45,30,40,43,111,73,113,70,193,334,796,0.0
chandelure,60,55,90,145,90,80,135,225,145,235,240,520,261,0.03987
chansey,250,5,5,35,105,50,55,85,10,140,360,450,157,0.16498
charcadet,40,50,40,50,40,35,85,85,90,90,120,255,649,1e-05
charizard,78,84,78,109,85,100,184,209,162,194,241,534,242,0.05261
charjabug,57,82,95,55,75,36,118,91,177,130,227,400,593,6e-05
charmander,39,52,43,60,50,65,117,125,95,110,132,309,627,2e-05
charmeleon,58,64,58,80,65,80,144,160,122,145,181,405,614,3e-05
chesnaught,88,107,122,74,75,64,171,138,229,149,285,530,325,0.01664
chespin,56,61,65,48,45,38,99,86,126,93,166,313,503,0.00077
chewtle,50,64,50,38,38,44,108,82,114,76,138,284,678,0.0
chi-yu,55,80,80,135,120,100,180,235,160,255,255,570,56,1.30711
chien-pao,80,120,80,90,65,135,255,225,200,155,225,570,54,1.36983
chimchar,44,58,44,58,44,61,119,119,102,102,132,309,770,0.0
chimecho,75,50,80,95,90,65,115,160,130,185,245,455,465,0.0016
chinchou,75,38,38,56,56,67,105,123,76,112,169,330,777,0.0
chingling,45,30,50,65,50,45,75,110,80,115,145,285,797,0.0
cinccino,75,95,60,65,60,115,210,180,155,125,195,470,137,0.24265
cinderace,80,116,75,65,75,119,235,184,191,140,230,530,102,0.47828
clauncher,50,53,62,58,63,44,97,102,115,121,175,330,609,4e-05
clawitzer,71,73,88,120,89,59,132,179,161,209,248,500,412,0.00408
clefable,95,70,73,95,90,60,130,155,143,185,258,483,35,3.33473
clefairy,70,45,48,60,65,35,80,95,93,125,183,323,448,0.00235
cleffa,50,25,28,45,55,15,40,60,53,100,133,218,743,0.0
clodsire,130,75,60,45,100,20,95,65,135,145,290,430,28,4.48439
cloyster,50,95,180,85,45,70,165,155,275,130,275,525,127,0.29341
coalossal,110,80,120,80,90,30,110,110,200,170,320,510,388,0.00671
cobalion,91,90,129,90,72,108,198,198,219,162,292,580,368,0.00842
combusken,60,85,60,85,60,55,140,140,145,145,180,405,571,0.00014
comfey,51,52,90,82,110,100,152,182,142,192,251,485,197,0.09092
conkeldurr,105,140,95,55,65,45,185,100,235,120,265,505,231,0.05778
copperajah,122,130,69,80,69,30,160,110,199,149,260,500,498,0.00085
corphish,43,80,65,50,35,35,115,85,145,85,143,308,704,0.0
corviknight,98,87,105,53,85,67,154,120,192,138,288,495,41,2.84519
corvisquire,68,67,55,43,55,77,144,120,122,98,178,365,712,0.0
cosmoem,43,29,131,29,131,37,66,66,160,160,305,400,713,0.0
cosmog,43,29,31,29,31,37,66,66,60,60,105,200,714,0.0
cottonee,40,27,60,37,50,66,93,103,87,87,150,280,216,0.06996
crabominable,97,132,77,62,67,43,175,105,209,129,241,478,591,7e-05
crabrawler,47,82,57,42,47,63,145,105,139,89,151,338,748,0.0
cramorant,70,85,55,85,95,85,170,170,140,180,220,475,282,0.03085
cranidos,67,125,40,30,30,58,183,88,165,60,137,350,769,0.0
crawdaunt,63,120,85,90,55,55,175,145,205,145,203,468,135,0.24857
cresselia,120,70,110,75,120,85,155,160,180,195,350,580,208,0.07626
croagunk,48,61,40,61,40,50,111,111,101,101,128,300,727,0.0
crocalor,81,55,78,90,58,49,104,139,133,148,217,411,533,0.00034
cryogonal,80,50,50,95,135,105,155,200,100,230,265,515,398,0.00508
cubchoo,55,70,40,60,40,40,110,100,110,100,135,305,789,0.0
cufant,72,80,49,40,49,40,120,80,129,89,170,330,628,2e-05
cutiefly,40,45,40,55,40,84,129,139,85,95,120,304,506,0.00068
cyclizar,70,95,65,85,65,121,216,206,160,150,200,501,90,0.61915
cyndaquil,39,52,43,60,50,65,117,125,95,110,132,309,662,0.0
dachsbun,57,80,115,50,80,95,175,145,195,130,252,477,104,0.45226
darkrai,70,90,90,135,90,125,215,260,180,225,250,600,167,0.13984
dartrix,78,75,75,70,70,52,127,122,150,140,223,420,659,0.0
decidueye,78,107,75,100,100,70,177,170,182,200,253,530,301,0.02449
decidueye-hisui,88,112,80,95,95,60,172,155,192,190,263,530,175,0.11685
dedenne,67,58,57,81,67,101,159,182,115,148,191,431,541,0.00029
deerling,60,60,50,40,50,75,135,115,110,90,160,335,480,0.00114
deino,52,65,50,45,50,38,103,83,115,95,152,300,709,0.0
delibird,45,55,45,65,45,75,130,140,100,110,135,330,226,0.06038
delphox,75,69,72,114,100,104,173,218,141,214,247,534,360,0.00933
deoxys,50,150,50,150,50,150,300,300,200,200,150,600,218,0.06926
deoxys-attack,50,180,20,180,20,150,330,330,200,200,90,600,33,3.52387
deoxys-defense,50,70,160,70,160,90,160,160,230,230,370,600,190,0.0983
deoxys-speed,50,95,90,95,90,180,275,275,185,185,230,600,32,3.53497
dewgong,90,70,80,70,95,70,140,140,150,165,265,475,364,0.00883
dewott,75,75,60,83,60,60,135,143,135,143,195,413,603,4e-05
dewpider,38,40,52,40,72,27,67,67,92,112,162,269,707,0.0
dialga,100,120,120,150,100,90,210,240,240,250,320,680,83,0.70913
dialga-origin,100,100,120,150,120,90,190,240,220,270,340,680,80,0.76054
diancie,50,100,150,100,150,50,150,150,250,250,350,600,213,0.07206
diglett,10,55,25,35,45,95,150,130,80,80,80,265,483,0.00112
diglett-alola,10,55,30,35,45,90,145,125,85,80,85,265,612,3e-05
dipplin,80,80,110,95,80,40,120,135,190,175,270,485,471,0.00136
ditto,48,48,48,48,48,48,96,96,96,96,144,288,12,12.18588
dodrio,60,110,70,60,60,110,220,170,180,120,190,470,244,0.0519
doduo,35,85,45,35,35,75,160,110,130,70,115,310,553,0.00023
dolliv,52,53,60,78,78,33,86,111,113,156,190,354,719,0.0
dondozo,150,100,115,65,65,35,135,100,215,130,330,530,29,4.22576
donphan,90,120,120,60,60,50,170,110,240,120,270,500,91,0.61892
dragalge,65,75,90,97,123,44,119,141,165,220,278,494,458,0.00191
dragapult,88,120,75,100,75,142,262,242,195,175,238,600,93,0.60141
dragonair,61,84,65,70,70,70,154,140,149,140,196,420,582,0.0001
dragonite,91,134,95,100,100,80,214,180,229,200,286,600,148,0.19612
drakloak,68,80,50,60,50,102,182,162,130,110,168,410,577,0.00012
dratini,41,64,45,50,50,50,114,100,109,100,136,300,606,4e-05
drednaw,90,115,90,48,68,74,189,122,205,116,248,485,452,0.00218
dreepy,28,60,30,40,30,82,142,122,90,70,88,270,482,0.00113
drifblim,150,80,44,90,54,80,160,170,124,144,248,498,39,2.96568
drifloon,90,50,34,60,44,70,120,130,84,104,168,348,444,0.00249
drilbur,60,85,40,30,45,68,153,98,125,75,145,328,648,1e-05
drizzile,65,60,55,95,55,90,150,185,115,150,175,420,664,0.0
drowzee,60,48,45,43,90,42,90,85,93,133,195,328,694,0.0
ducklett,62,44,50,44,50,55,99,99,94,94,162,305,635,1e-05
dudunsparce,125,100,80,85,75,55,155,140,180,160,280,520,229,0.0587
dugtrio,35,100,50,50,70,120,220,170,150,120,155,425,120,0.34118
dugtrio-alola,35,100,60,50,70,110,210,160,160,120,165,425,493,0.00091
dunsparce,100,70,70,65,65,45,115,110,140,130,235,415,451,0.00222
duosion,65,40,50,125,60,30,70,155,90,185,175,370,781,0.0
duraludon,70,95,115,120,50,85,180,205,210,170,235,535,310,0.01985
dusclops,40,70,130,60,130,25,95,85,200,190,300,455,136,0.24768
dusknoir,45,100,135,65,135,45,145,110,235,200,315,525,371,0.0081
duskull,20,40,90,30,90,25,65,55,130,120,200,295,792,0.0
eelektrik,65,85,70,75,70,40,125,115,155,145,205,405,784,0.0
eelektross,85,115,80,105,80,50,165,155,195,185,245,515,405,0.00458
eevee,55,55,50,45,65,55,110,100,105,110,170,325,470,0.00139
eiscue,75,80,110,65,90,50,130,115,190,155,275,470,253,0.04457
ekans,35,60,44,40,54,55,115,95,104,94,133,288,682,0.0
electabuzz,65,83,57,95,85,105,188,200,140,180,207,490,512,0.0006
electivire,75,123,67,95,85,95,218,190,190,180,227,540,206,0.07962
electrode,60,50,70,80,80,150,200,230,120,160,210,490,520,0.00048
electrode-hisui,60,50,70,80,80,150,200,230,120,160,210,490,374,0.00799
elekid,45,63,37,65,55,95,158,160,100,120,137,360,808,0.0
emboar,110,123,65,100,65,65,188,165,188,165,240,528,345,0.01349
empoleon,84,86,88,111,101,60,146,171,174,212,273,530,241,0.05278
enamorus,74,115,70,135,80,106,221,241,185,215,224,580,161,0.1596
enamorus-therian,74,115,110,135,100,46,161,181,225,235,284,580,177,0.11374
entei,115,115,85,90,75,100,215,190,200,165,275,580,299,0.02565
espathra,95,60,60,101,60,105,165,206,120,161,215,481,31,3.54121
espeon,65,65,60,130,95,110,175,240,125,225,220,525,69,0.95409
espurr,62,48,54,63,60,68,116,131,102,123,176,355,775,0.0
eternatus,140,85,95,145,95,130,215,275,180,240,330,690,22,6.16383
excadrill,110,135,60,50,65,88,223,138,195,115,235,508,63,1.20331
exeggcute,60,40,80,60,45,40,80,100,120,105,185,325,433,0.00296
exeggutor,95,95,85,125,75,55,150,180,180,200,255,530,455,0.00206
exeggutor-alola,95,105,85,125,75,45,150,170,190,200,255,530,298,0.02607
falinks,65,100,100,70,60,75,175,145,200,130,225,470,384,0.0071
farigiraf,120,90,70,110,70,60,150,170,160,180,260,520,199,0.08843
feebas,20,15,20,10,55,80,95,90,35,65,95,200,631,1e-05
fennekin,40,45,40,62,60,60,105,122,85,122,140,307,703,0.0
feraligatr,85,105,100,79,83,78,183,157,205,162,268,530,178,0.11304
fezandipiti,88,91,82,70,125,99,190,169,173,195,295,555,278,0.03297
fidough,37,55,70,30,55,65,120,95,125,85,162,312,782,0.0
finizen,70,45,40,45,40,75,120,120,85,85,150,315,754,0.0
finneon,49,49,56,49,61,66,115,115,105,110,166,330,739,0.0
flaaffy,70,55,55,80,60,45,100,125,110,140,185,365,654,0.0
flabebe,44,38,39,61,79,42,80,103,77,140,162,303,780,0.0
flamigo,82,115,74,75,64,90,205,165,189,139,220,500,332,0.01541
flapple,70,110,80,95,60,70,180,165,190,155,210,485,488,0.00102
flareon,65,130,60,95,110,65,195,160,190,205,235,525,391,0.00625
fletchinder,62,73,55,56,52,84,157,140,128,108,169,382,751,0.0
fletchling,45,50,43,40,38,62,112,102,93,78,126,278,564,0.00016
flittle,30,35,30,55,30,75,110,130,65,85,90,255,611,3e-05
floatzel,85,105,55,85,50,115,220,200,160,135,190,495,362,0.00923
floette,54,45,47,75,98,52,97,127,92,173,199,371,795,0.0
floragato,61,80,63,60,63,83,163,143,143,123,187,410,596,5e-05
florges,78,65,68,112,154,75,140,187,133,266,300,552,342,0.01398
flutter mane,55,55,55,135,135,135,190,270,110,270,245,570,51,1.73905
flygon,80,100,80,80,80,100,200,180,180,160,240,520,215,0.07131
fomantis,40,55,35,50,35,35,90,85,90,85,110,250,724,0.0
foongus,69,55,45,55,55,15,70,70,100,110,169,294,567,0.00016
forretress,75,90,140,60,60,40,130,100,230,120,275,465,187,0.10171
fraxure,66,117,70,40,50,67,184,107,187,90,186,410,755,0.0
froakie,41,56,40,62,44,71,127,133,96,106,125,314,744,0.0
frogadier,54,63,52,83,56,97,160,180,115,139,162,405,554,0.00022
froslass,70,80,70,80,70,110,190,190,150,150,210,480,163,0.14969
frosmoth,70,65,60,125,90,65,130,190,125,215,220,475,468,0.00154
fuecoco,67,45,59,63,40,36,81,99,104,103,166,310,758,0.0
furret,85,76,64,45,55,90,166,135,140,100,204,415,519,0.00049
gabite,68,90,65,50,55,82,172,132,155,105,188,410,760,0.0
gallade,68,125,65,65,115,80,205,145,190,180,248,518,295,0.0277
galvantula,70,77,60,97,60,108,185,205,137,157,190,472,101,0.48616
garchomp,108,130,95,80,85,102,232,182,225,165,288,600,84,0.66991
gardevoir,68,65,65,125,115,80,145,205,130,240,248,518,296,0.02763
garganacl,100,100,130,45,90,35,135,80,230,135,320,500,74,0.85817
gastly,30,35,30,100,35,80,115,180,65,135,95,310,490,0.001
gastrodon,111,83,68,92,82,39,122,131,151,174,261,475,269,0.03688
gengar,60,65,60,130,75,110,175,240,125,205,195,500,169,0.13723
geodude,40,80,100,30,30,20,100,50,180,60,170,300,556,0.00022
geodude-alola,40,80,100,30,30,20,100,50,180,60,170,300,584,9e-05
gholdengo,87,60,95,133,91,84,144,217,155,224,273,550,44,2.54104
gible,58,70,45,40,45,42,112,82,115,85,148,300,431,0.00305
gimmighoul,45,30,70,75,70,10,40,85,100,145,185,300,658,0.0
gimmighoul-roaming,45,30,25,75,45,80,110,155,55,120,115,300,733,0.0
girafarig,70,80,65,90,65,85,165,175,145,155,200,455,661,0.0
giratina,150,100,120,100,120,90,190,190,220,220,390,680,46,2.2842
giratina-origin,150,120,100,120,100,90,210,210,220,220,350,680,17,7.22271
glaceon,65,60,110,130,95,65,125,195,170,225,270,525,432,0.00299
glalie,80,80,80,80,80,80,160,160,160,160,240,480,356,0.00967
glastrier,100,145,130,65,110,30,175,95,275,175,340,580,183,0.11016
gligar,65,75,105,35,65,85,160,120,180,100,235,430,599,5e-05
glimmet,48,35,42,105,60,60,95,165,77,165,150,350,540,0.0003
glimmora,83,55,90,130,81,86,141,216,145,211,254,525,15,8.24993
gliscor,75,95,125,45,75,95,190,140,220,120,275,510,13,9.99399
gloom,60,65,70,85,75,40,105,125,135,160,205,395,660,0.0
gogoat,123,100,62,97,81,68,168,165,162,178,266,531,445,0.00248
golduck,80,82,78,95,80,85,167,180,160,175,238,500,257,0.04405
golem,80,120,130,55,65,45,165,100,250,120,275,495,373,0.00803
golem-alola,80,120,130,55,65,45,165,100,250,120,275,495,385,0.00706
golett,59,74,50,35,50,35,109,70,124,85,159,303,757,0.0
golurk,89,124,80,55,80,55,179,110,204,135,249,483,322,0.01685
goodra,90,100,70,110,150,80,180,190,170,260,310,600,339,0.01438
goodra-hisui,80,100,100,110,150,60,160,170,200,260,330,600,184,0.10928
goomy,45,50,35,55,75,40,90,95,85,130,155,300,766,0.0
gothita,45,30,50,55,65,45,75,100,80,120,160,290,728,0.0
gothitelle,70,55,95,95,110,65,120,160,150,205,275,490,66,1.0523
gothorita,60,45,70,75,85,55,100,130,115,160,215,390,453,0.00215
gouging fire,105,115,121,65,93,91,206,156,236,158,319,590,82,0.71244
grafaiai,63,95,65,80,72,110,205,190,160,152,200,485,255,0.04413
granbull,90,120,75,60,60,45,165,105,195,120,225,450,456,0.00202
graveler,55,95,115,45,45,35,130,80,210,90,215,390,670,0.0
graveler-alola,55,95,115,45,45,35,130,80,210,90,215,390,551,0.00023
great tusk,115,131,131,53,53,87,218,140,262,106,299,570,62,1.20991
greavard,50,61,60,30,55,34,95,64,121,85,165,290,650,1e-05
greedent,120,95,95,55,75,20,115,75,190,130,290,460,494,0.00089
greninja,72,95,67,103,71,122,217,225,162,174,210,530,114,0.38933
grimer,80,80,50,40,50,25,105,65,130,90,180,325,665,0.0
grimer-alola,80,80,50,40,50,25,105,65,130,90,180,325,683,0.0
grimmsnarl,95,120,65,95,75,60,180,155,185,170,235,510,26,4.93923
grookey,50,65,50,40,40,65,130,105,115,80,140,310,716,0.0
grotle,75,89,85,55,65,36,125,91,174,120,225,405,692,0.0
groudon,100,150,140,100,90,90,240,190,290,190,330,670,77,0.8205
grovyle,50,65,45,85,65,95,160,180,110,150,160,405,530,0.00037
growlithe,55,70,45,70,50,60,130,130,115,120,150,350,804,0.0
growlithe-hisui,60,75,45,65,50,55,130,120,120,115,155,350,676,0.0
grubbin,47,62,45,55,45,46,108,101,107,100,137,300,637,1e-05
grumpig,80,45,65,90,110,80,125,170,110,200,255,470,562,0.00016
gulpin,70,43,53,43,53,40,83,83,96,96,176,302,644,1e-05
gumshoos,88,110,60,55,60,45,155,100,170,115,208,418,618,3e-05
gurdurr,85,105,85,40,50,40,145,80,190,90,220,405,697,0.0
gyarados,95,125,79,60,100,81,206,141,204,160,274,540,203,0.0806
hakamo-o,55,75,90,65,70,65,140,130,165,135,215,420,753,0.0
happiny,100,5,5,15,65,30,35,45,10,80,170,220,806,0.0
hariyama,144,120,60,40,60,50,170,90,180,100,264,474,550,0.00023
hatenna,42,30,45,56,53,39,69,95,75,109,140,265,765,0.0
hatterene,57,90,95,136,103,29,119,165,185,239,255,510,27,4.52392
hattrem,57,40,65,86,73,49,89,135,105,159,195,370,576,0.00012
haunter,45,50,45,115,55,95,145,210,95,170,145,405,622,2e-05
hawlucha,78,92,75,74,63,118,210,192,167,137,216,500,343,0.0137
haxorus,76,147,90,60,70,97,244,157,237,130,236,540,209,0.07568
heatran,91,90,106,130,106,77,167,207,196,236,303,600,210,0.07522
heracross,80,125,75,40,95,85,210,125,200,135,250,500,349,0.01193
hippopotas,68,72,78,38,42,32,104,70,150,80,188,330,497,0.00085
hippowdon,108,112,118,68,72,47,159,115,230,140,298,525,68,0.96543
hitmonchan,50,105,79,35,110,76,181,111,184,145,239,455,380,0.00744
hitmonlee,50,120,53,35,110,87,207,122,173,145,213,455,228,0.05875
hitmontop,50,95,95,35,110,70,165,105,190,145,255,455,287,0.0299
ho-oh,106,130,90,110,154,90,220,200,220,264,350,680,5,28.0384
honchkrow,100,125,52,105,52,71,196,176,177,157,204,505,354,0.01006
hoopa,80,110,60,150,130,70,180,220,170,280,270,600,505,0.00073
hoopa-unbound,80,160,60,170,130,80,240,250,220,300,270,680,246,0.04882
hoppip,35,35,40,35,55,50,85,85,75,90,130,250,813,0.0
houndoom,75,90,50,110,80,95,185,205,140,190,205,500,234,0.0557
houndour,45,60,30,80,50,65,125,145,90,130,125,330,737,0.0
houndstone,72,101,100,50,97,68,169,118,201,147,269,488,131,0.27193
hydrapple,106,80,110,120,80,44,124,164,190,200,296,540,112,0.3921
hydreigon,92,105,90,125,90,98,203,223,195,215,272,600,212,0.07357
hypno,85,73,70,73,115,67,140,140,143,188,270,483,518,0.0005
igglybuff,90,30,15,40,20,15,45,55,45,60,125,210,732,0.0
illumise,65,47,75,73,85,85,132,158,122,158,225,430,317,0.0175
impidimp,45,45,30,55,40,50,95,105,75,95,115,265,762,0.0
incineroar,95,115,90,80,90,60,175,140,205,170,275,530,43,2.69181
indeedee,60,65,55,105,95,95,160,200,120,200,210,475,245,0.05186
indeedee-f,70,55,65,95,105,85,140,180,120,200,240,475,100,0.48642
infernape,76,104,71,104,71,108,212,212,175,175,218,534,220,0.06719
inkay,53,54,53,37,46,45,99,82,107,83,152,288,669,0.0
inteleon,70,85,65,125,65,120,205,245,150,190,200,530,337,0.01461
iron boulder,90,120,80,68,108,124,244,192,200,176,278,590,88,0.62349
iron bundle,56,80,114,124,60,136,216,260,194,184,230,570,67,0.96689
iron crown,90,72,100,122,108,98,170,220,172,230,298,590,133,0.25629
iron hands,154,140,108,50,68,50,190,100,248,118,330,570,99,0.50054
iron jugulis,94,80,86,122,80,108,188,230,166,202,260,570,326,0.01648
iron leaves,90,130,88,70,108,104,234,174,218,178,286,590,205,0.08015
iron moth,80,70,60,140,110,110,180,250,130,250,250,570,176,0.11407
iron thorns,100,134,110,70,84,72,206,142,244,154,294,570,263,0.03924
iron treads,90,112,120,72,70,106,218,178,232,142,280,570,34,3.49802
iron valiant,74,130,90,120,60,116,246,236,220,180,224,590,81,0.73892
ivysaur,60,62,63,80,80,60,122,140,125,160,203,405,486,0.0011
jangmo-o,45,55,65,45,45,45,100,90,120,90,155,300,738,0.0
jigglypuff,115,45,20,45,25,20,65,65,65,70,160,270,684,0.0
jirachi,100,100,100,100,100,100,200,200,200,200,300,600,270,0.03688
jolteon,65,65,60,110,95,130,195,240,125,205,220,525,329,0.01623
joltik,50,47,50,57,50,65,112,122,97,107,150,319,580,0.00011
jumpluff,75,55,70,55,95,110,165,165,125,150,240,460,347,0.01319
keldeo,91,72,90,129,90,108,180,237,162,219,271,580,284,0.03048
kilowattrel,70,70,60,105,60,125,195,230,130,165,190,490,219,0.06872
kingambit,100,135,120,60,85,50,185,110,255,145,305,550,40,2.85416
kingdra,75,95,95,95,95,85,180,180,190,190,265,540,264,0.0386
kirlia,38,35,35,65,55,50,85,115,70,120,128,278,786,0.0
klawf,70,100,115,35,55,75,175,110,215,90,240,450,461,0.00179
kleavor,70,135,95,45,70,85,220,130,230,115,235,500,217,0.0695
klefki,57,80,91,80,87,75,155,155,171,167,235,470,214,0.0716
koffing,40,65,95,60,45,35,100,95,160,105,180,340,633,1e-05
komala,65,115,65,75,95,65,180,140,180,170,225,480,418,0.00379
kommo-o,75,110,125,100,105,85,195,185,235,205,305,600,243,0.05245
koraidon,100,135,115,85,100,135,270,220,250,185,315,670,2,57.48513
kricketot,37,25,41,25,41,25,50,50,66,66,119,194,722,0.0
kricketune,77,85,51,55,51,65,150,120,136,106,179,384,415,0.00383
krokorok,60,82,45,45,45,74,156,119,127,90,150,351,810,0.0
krookodile,95,117,80,65,70,92,209,157,197,135,245,519,258,0.04327
kubfu,60,90,60,53,50,72,162,125,150,103,170,385,718,0.0
kyogre,100,100,90,150,140,90,190,240,190,290,330,670,8,19.3088
kyurem,125,130,90,130,90,95,225,225,220,220,305,660,381,0.00726
kyurem-black,125,170,100,120,90,95,265,215,270,210,315,700,24,5.56723
kyurem-white,125,120,90,170,100,95,215,265,210,270,315,700,57,1.29158
lampent,60,40,60,95,60,55,95,150,100,155,180,370,634,1e-05
landorus,89,125,90,115,80,101,226,216,215,195,259,600,166,0.13992
landorus-therian,89,145,90,105,80,91,236,196,235,185,259,600,36,3.18375
lanturn,125,58,58,76,76,67,125,143,116,152,259,460,297,0.02722
lapras,130,85,80,85,95,60,145,145,165,180,305,535,154,0.17924
larvesta,55,85,55,50,55,60,145,110,140,105,165,360,616,3e-05
larvitar,50,64,50,45,50,41,105,86,114,95,150,300,794,0.0
latias,80,80,90,110,130,110,190,220,170,240,300,600,64,1.11303
latios,80,90,80,130,110,110,200,240,170,240,270,600,279,0.03288
leafeon,65,110,130,60,65,95,205,155,240,125,260,525,436,0.00292
leavanny,75,103,80,70,80,92,195,162,183,150,235,500,201,0.08659
lechonk,54,45,40,35,45,35,80,70,85,80,139,254,370,0.00813
lilligant,70,60,75,110,75,90,150,200,135,185,220,480,363,0.00901
lilligant-hisui,70,105,75,50,75,105,210,155,180,125,220,480,254,0.04449
litten,45,65,40,60,40,70,135,130,105,100,125,320,745,0.0
litwick,50,30,55,65,55,20,50,85,85,120,160,275,517,0.00053
lokix,71,102,78,52,55,92,194,144,180,107,204,450,334,0.01491
lombre,60,50,50,60,70,50,100,110,100,130,180,340,531,0.00036
lotad,40,30,30,40,50,30,60,70,60,90,120,220,803,0.0
lucario,70,110,70,115,70,90,200,205,180,185,210,525,238,0.05408
ludicolo,80,70,70,90,100,70,140,160,140,190,250,480,333,0.01505
lugia,106,90,130,90,154,110,200,200,220,244,390,680,72,0.9019
lumineon,69,69,76,69,86,91,160,160,145,155,231,460,464,0.00174
lunala,137,113,89,137,107,97,210,234,202,244,333,680,78,0.80881
lurantis,70,105,90,80,90,45,150,125,195,170,250,480,292,0.02886
luvdisc,43,30,55,40,65,97,127,137,85,105,163,330,706,0.0
luxio,60,85,49,60,49,60,145,120,134,109,158,363,773,0.0
luxray,80,120,79,95,79,70,190,165,199,174,238,523,372,0.00803
lycanroc,75,115,65,55,65,112,227,167,180,120,205,487,196,0.09135
lycanroc-dusk,75,117,65,55,65,110,227,165,182,120,205,487,149,0.19409
lycanroc-midnight,85,115,75,55,75,82,197,137,190,130,235,487,358,0.00953
mabosstiff,80,120,90,60,70,85,205,145,210,130,240,505,293,0.02799
magby,45,75,37,70,55,83,158,153,112,125,137,365,526,0.0004
magcargo,60,50,120,90,80,30,80,120,170,170,260,430,392,0.00607
magearna,80,95,115,130,115,65,160,195,210,245,310,600,60,1.2412
magikarp,20,10,55,15,20,80,90,95,65,35,95,200,395,0.00546
magmar,65,95,57,100,85,93,188,193,152,185,207,495,696,0.0
magmortar,75,95,67,125,95,83,178,208,162,220,237,540,504,0.00074
magnemite,25,35,70,95,55,45,80,140,105,150,150,325,598,5e-05
magneton,50,60,95,120,70,70,130,190,155,190,215,465,438,0.00287
magnezone,70,70,115,130,90,60,130,190,185,220,275,535,266,0.03743
makuhita,72,60,30,20,30,25,85,45,90,50,132,237,585,9e-05
malamar,86,92,88,68,75,73,165,141,180,143,249,482,224,0.06188
mamoswine,110,130,80,70,60,80,210,150,210,130,250,530,366,0.00874
manaphy,100,100,100,100,100,100,200,200,200,200,300,600,202,0.08196
mandibuzz,110,65,105,55,95,80,145,135,170,150,310,510,37,3.15603
mankey,40,80,35,35,45,70,150,105,115,80,120,305,539,0.00031
mareanie,50,53,62,43,52,45,98,88,115,95,164,305,698,0.0
mareep,55,40,40,65,45,35,75,100,80,110,140,280,788,0.0
marill,70,20,50,20,50,40,60,60,70,70,170,250,617,3e-05
marshtomp,70,85,70,60,70,50,135,110,155,130,210,405,790,0.0
maschiff,60,78,60,40,51,51,129,91,138,91,171,340,615,3e-05
masquerain,70,60,62,100,82,80,140,180,122,182,214,454,116,0.35834
maushold,74,75,70,65,75,111,186,176,145,140,219,470,95,0.5671
medicham,60,60,75,60,75,80,140,140,135,135,210,410,273,0.03594
meditite,30,40,55,40,55,60,100,100,95,95,140,280,515,0.00054
meganium,80,82,100,83,100,80,162,163,182,183,280,525,425,0.0033
meloetta,100,77,77,128,128,90,167,218,154,256,305,600,341,0.01409
meowscarada,76,110,70,81,70,123,233,204,180,151,216,530,151,0.1917
meowth,40,45,35,40,40,90,135,130,80,80,115,290,717,0.0
meowth-alola,40,35,35,50,40,90,125,140,70,90,115,290,752,0.0
meowth-galar,50,65,55,40,40,40,105,80,120,80,145,290,763,0.0
mesprit,80,105,105,105,105,80,185,185,210,210,290,580,656,0.0
metagross,80,135,130,95,90,70,205,165,265,185,300,600,115,0.38477
metang,60,75,100,55,80,50,125,105,175,135,240,420,511,0.0006
mew,100,100,100,100,100,100,200,200,200,200,300,600,158,0.16412
mewtwo,106,110,90,154,90,130,240,284,200,244,286,680,89,0.62111
mienfoo,45,85,50,55,50,65,150,120,135,105,145,350,807,0.0
mienshao,65,125,60,95,60,105,230,200,185,155,185,510,382,0.00723
mightyena,70,90,70,60,60,70,160,130,160,120,200,420,365,0.00881
milcery,45,40,40,50,61,34,74,84,80,111,146,270,524,0.0004
milotic,95,60,79,100,125,81,141,181,139,225,299,540,239,0.05399
mimikyu,55,90,80,50,105,96,186,146,170,155,240,476,130,0.27826
minccino,55,50,40,40,40,75,125,115,90,80,135,300,671,0.0
minior,60,100,60,100,60,120,220,220,160,160,180,500,170,0.12772
minun,60,40,50,75,85,95,135,170,90,160,195,405,430,0.00306
miraidon,100,85,100,135,115,135,220,270,185,250,315,670,4,32.27306
misdreavus,60,60,60,85,85,85,145,170,120,170,205,435,663,0.0
mismagius,60,60,60,105,105,105,165,210,120,210,225,495,489,0.00101
moltres,90,100,90,125,85,90,190,215,190,210,265,580,191,0.09517
moltres-galar,90,85,90,100,125,90,175,190,175,225,305,580,232,0.05684
monferno,64,78,52,78,52,81,159,159,130,130,168,405,729,0.0
morgrem,65,60,45,75,55,70,130,145,105,130,165,370,513,0.00059
morpeko,58,95,58,70,58,97,192,167,153,128,174,436,181,0.11161
mudkip,50,70,50,50,50,40,110,90,120,100,150,310,516,0.00054
mudsdale,100,125,100,55,85,35,160,90,225,140,285,500,375,0.00784
muk,105,105,75,65,100,50,155,115,180,165,280,500,406,0.00452
muk-alola,105,105,75,65,100,50,155,115,180,165,280,500,53,1.49133
munchlax,135,85,40,40,85,5,90,45,125,125,260,390,543,0.00029
munkidori,88,75,66,130,90,106,181,236,141,220,244,555,409,0.00426
murkrow,60,85,42,85,42,91,176,176,127,127,144,405,223,0.06219
nacli,55,55,75,35,35,25,80,60,130,70,165,280,655,0.0
naclstack,60,60,100,35,65,35,95,70,160,100,225,355,521,0.00048
necrozma,97,107,101,127,89,79,186,206,208,216,287,600,308,0.02039
ninetales,73,76,75,81,100,100,176,181,151,181,248,505,230,0.0582
ninetales-alola,73,67,75,81,100,109,176,190,142,181,248,505,156,0.17195
noctowl,100,50,50,86,96,70,120,156,100,182,246,452,383,0.00712
noibat,40,30,35,45,40,55,85,100,65,85,115,245,715,0.0
noivern,85,70,80,97,80,123,193,220,150,177,245,535,389,0.00667
nosepass,30,45,135,45,90,30,75,75,180,135,255,375,600,5e-05
numel,60,60,40,65,45,35,95,100,100,110,145,305,558,0.00018
nuzleaf,70,70,40,60,40,60,130,120,110,100,150,340,767,0.0
nymble,33,46,40,21,25,45,91,66,86,46,98,210,623,2e-05
oddish,45,50,55,75,65,30,80,105,105,140,165,320,702,0.0
ogerpon,80,120,84,60,96,110,230,170,204,156,260,550,150,0.19285
ogerpon-cornerstone,80,120,84,60,96,110,230,170,204,156,260,550,121,0.33782
ogerpon-hearthflame,80,120,84,60,96,110,230,170,204,156,260,550,59,1.27307
ogerpon-wellspring,80,120,84,60,96,110,230,170,204,156,260,550,50,1.86035
oinkologne,110,100,75,59,80,65,165,124,175,139,265,489,578,0.00011
oinkologne-f,115,90,70,59,90,65,155,124,160,149,275,489,546,0.00026
okidogi,88,128,115,58,86,80,208,138,243,144,289,555,125,0.31324
oranguru,90,60,80,90,110,60,120,150,140,200,280,490,552,0.00023
oricorio,75,70,70,98,70,93,163,191,140,168,215,476,401,0.00478
oricorio-pa'u,75,70,70,98,70,93,163,191,140,168,215,476,495,0.00086
oricorio-pom-pom,75,70,70,98,70,93,163,191,140,168,215,476,288,0.0296
oricorio-sensu,75,70,70,98,70,93,163,191,140,168,215,476,404,0.00464
orthworm,70,85,145,60,55,65,150,125,230,115,270,480,147,0.19981
oshawott,55,55,45,63,45,45,100,108,100,108,145,308,610,3e-05
overqwil,85,115,95,65,65,85,200,150,210,130,245,510,441,0.00273
pachirisu,60,45,70,45,90,95,140,140,115,135,220,405,459,0.00189
palafin,100,70,72,53,62,100,170,153,142,115,234,457,97,0.54228
palkia,90,120,100,150,120,100,220,250,220,270,310,680,139,0.23546
palkia-origin,90,100,100,150,120,120,220,270,200,270,310,680,145,0.20495
palossand,85,75,110,100,75,35,110,135,185,175,270,480,509,0.00061
passimian,100,120,90,40,60,80,200,120,210,100,250,490,581,0.0001
pawmi,45,50,20,40,25,60,110,100,70,65,90,240,679,0.0
pawmo,60,75,40,50,40,85,160,135,115,90,140,350,800,0.0
pawmot,70,115,70,70,60,105,220,175,185,130,200,490,92,0.61069
pawniard,45,85,70,40,40,60,145,100,155,80,155,340,427,0.0032
pelipper,60,50,100,95,70,65,115,160,150,165,230,440,122,0.33531
perrserker,70,110,100,50,60,50,160,100,210,110,230,440,399,0.00507
persian,65,70,60,65,65,115,185,180,130,130,190,440,462,0.00178
persian-alola,65,60,60,75,65,115,175,190,120,140,190,440,446,0.00244
petilil,45,35,50,70,50,30,65,100,85,120,145,280,685,0.0
phanpy,90,60,60,40,40,40,100,80,120,80,190,330,592,6e-05
phantump,43,70,48,50,60,38,108,88,118,110,151,309,774,0.0
phione,80,80,80,80,80,80,160,160,160,160,240,480,590,7e-05
pichu,20,40,15,35,35,60,100,95,55,70,70,205,563,0.00016
pignite,90,93,55,70,55,55,148,125,148,125,200,418,589,7e-05
pikachu,35,55,40,50,50,90,145,140,95,100,125,320,248,0.04804
pikipek,35,75,30,30,30,65,140,95,105,60,95,265,652,1e-05
piloswine,100,100,80,60,60,50,150,110,180,120,240,450,721,0.0
pincurchin,48,101,95,91,85,15,116,106,196,176,228,435,289,0.02913
pineco,50,65,90,35,35,15,80,50,155,70,175,290,535,0.00033
piplup,53,51,53,61,56,40,91,101,104,117,162,314,601,5e-05
plusle,60,50,40,85,75,95,145,180,90,160,175,405,557,0.00018
politoed,90,75,75,90,100,70,145,160,150,190,265,500,277,0.03308
poliwag,40,50,40,40,40,90,140,130,90,80,120,300,501,0.00083
poliwhirl,65,65,65,50,50,90,155,140,130,100,180,385,750,0.0
poliwrath,90,95,95,70,90,70,165,140,190,160,275,510,484,0.00111
poltchageist,40,45,45,74,54,50,95,124,90,128,139,308,771,0.0
polteageist,60,65,65,134,114,70,135,204,130,248,239,508,86,0.66177
poochyena,35,55,35,30,30,35,90,65,90,60,100,220,561,0.00017
popplio,50,54,54,66,56,40,94,106,108,122,160,320,785,0.0
porygon,65,60,70,85,75,40,100,125,130,160,210,395,555,0.00022
porygon-z,85,80,70,135,75,90,170,225,150,210,230,535,179,0.11212
porygon2,85,80,90,105,95,60,140,165,170,200,270,515,134,0.25017
primarina,80,74,74,126,116,60,134,186,148,242,270,530,233,0.0562
primeape,65,105,60,60,70,95,200,155,165,130,195,455,534,0.00034
prinplup,64,66,68,81,76,50,116,131,134,157,208,405,687,0.0
probopass,60,55,145,75,150,40,95,115,200,225,355,525,523,0.00042
psyduck,50,52,48,65,50,55,107,120,100,115,148,320,499,0.00084
pupitar,70,84,70,65,70,51,135,116,154,135,210,410,779,0.0
pyroar,86,68,72,109,66,106,174,215,140,175,224,507,387,0.00686
quagsire,95,85,85,65,65,35,120,100,170,130,245,430,124,0.33333
quaquaval,85,120,80,85,75,85,205,170,200,160,240,530,172,0.12336
quaxly,55,65,45,50,45,50,115,100,110,95,145,310,674,0.0
quilava,58,64,58,80,65,80,144,160,122,145,181,405,725,0.0
qwilfish,65,95,85,55,55,85,180,140,180,110,205,440,477,0.00117
qwilfish-hisui,65,95,85,55,55,85,180,140,180,110,205,440,442,0.00267
raboot,65,86,60,55,60,94,180,149,146,115,185,420,595,5e-05
rabsca,75,50,85,115,100,45,95,160,135,215,260,470,323,0.01681
raging bolt,125,73,91,137,89,75,148,212,164,226,305,590,75,0.83468
raichu,60,90,55,90,80,110,200,200,145,170,195,485,348,0.01242
raichu-alola,60,85,50,95,85,110,195,205,135,180,195,485,344,0.01359
raikou,90,85,75,115,100,115,200,230,160,215,265,580,378,0.0075
ralts,28,25,25,45,35,40,65,85,50,80,88,198,720,0.0
rampardos,97,165,60,65,50,58,223,123,225,115,207,495,376,0.00774
rayquaza,105,150,90,150,90,95,245,245,240,240,285,680,47,2.1343
regice,80,50,100,100,200,50,100,150,150,300,380,580,429,0.00309
regidrago,200,100,50,100,50,80,180,180,150,150,300,580,413,0.00391
regieleki,80,100,50,100,50,200,300,300,150,150,180,580,30,4.03939
regigigas,110,160,110,80,110,100,260,180,270,190,330,670,319,0.01737
regirock,80,100,200,50,100,50,150,100,300,150,380,580,340,0.01433
registeel,80,75,150,75,150,50,125,125,225,225,380,580,307,0.02117
rellor,41,50,60,31,58,30,80,61,110,89,159,270,802,0.0
reshiram,100,120,100,150,120,90,210,240,220,270,320,680,189,0.09865
reuniclus,110,65,75,125,85,30,95,155,140,210,270,490,331,0.01574
revavroom,80,119,90,54,67,90,209,144,209,121,237,500,324,0.01667
rhydon,105,130,120,45,45,40,170,85,250,90,270,485,602,4e-05
rhyhorn,80,85,95,30,30,25,110,55,180,60,205,345,816,0.0
rhyperior,115,140,130,55,55,40,180,95,270,110,300,535,316,0.01805
ribombee,60,55,60,95,70,124,179,219,115,165,190,464,20,6.5208
rillaboom,100,125,90,60,70,85,210,145,215,130,260,530,155,0.1784
riolu,40,70,40,35,40,60,130,95,110,75,120,285,338,0.01446
roaring moon,105,139,71,55,101,119,258,174,210,156,277,590,144,0.21652
rockruff,45,65,40,30,40,60,125,90,105,70,125,280,726,0.0
rolycoly,30,40,50,40,50,30,70,70,90,90,130,240,677,0.0
rookidee,38,47,35,33,35,57,104,90,82,68,108,245,695,0.0
rotom,50,50,77,95,77,91,141,186,127,172,204,440,538,0.00032
rotom-fan,50,65,107,105,107,86,151,191,172,212,264,520,357,0.00963
rotom-frost,50,65,107,105,107,86,151,191,172,212,264,520,466,0.00158
rotom-heat,50,65,107,105,107,86,151,191,172,212,264,520,393,0.00585
rotom-mow,50,65,107,105,107,86,151,191,172,212,264,520,502,0.00078
rotom-wash,50,65,107,105,107,86,151,191,172,212,264,520,128,0.29104
rowlet,68,55,55,50,50,42,97,92,110,100,173,320,772,0.0
rufflet,70,83,50,37,50,60,143,97,133,87,170,350,710,0.0
sableye,50,75,75,65,65,50,125,115,150,130,190,380,236,0.05454
salamence,95,135,80,110,80,100,235,210,215,190,255,600,198,0.08919
salandit,48,44,40,71,40,77,121,148,84,111,128,320,481,0.00113
salazzle,68,64,60,111,60,117,181,228,124,171,188,480,211,0.07513
samurott,95,100,85,108,70,70,170,178,185,178,250,528,419,0.00368
samurott-hisui,90,108,80,100,65,85,193,185,188,165,235,528,85,0.66569
sandaconda,72,107,125,65,70,71,178,136,232,135,267,510,283,0.03079
sandile,50,72,35,35,35,65,137,100,107,70,120,292,573,0.00013
sandshrew,50,75,85,20,30,40,115,60,160,50,165,300,537,0.00033
sandshrew-alola,50,75,90,10,35,40,115,50,165,45,175,300,487,0.00107
sandslash,75,100,110,45,55,65,165,110,210,100,240,450,475,0.00128
sandslash-alola,75,100,120,25,65,65,165,90,220,90,260,450,352,0.01123
sandy shocks,85,81,97,121,85,101,182,222,178,206,267,570,318,0.01739
sandygast,55,55,80,70,45,15,70,85,135,115,180,320,559,0.00018
sawsbuck,80,100,70,60,70,95,195,155,170,130,220,475,408,0.00429
scatterbug,38,35,40,27,25,35,70,62,75,52,103,200,507,0.00068
sceptile,70,85,65,105,85,120,205,225,150,190,220,530,174,0.1169
scizor,70,130,100,55,80,65,195,120,230,135,250,500,152,0.18889
scorbunny,50,71,40,40,40,69,140,109,111,80,130,310,527,0.0004
scovillain,65,108,65,108,65,75,183,183,173,173,195,486,103,0.45248
scrafty,65,90,115,45,115,58,148,103,205,160,295,488,336,0.0147
scraggy,50,75,70,35,70,48,123,83,145,105,190,348,583,0.0001
scream tail,115,65,99,65,115,111,176,176,164,180,329,570,164,0.14788
scyther,70,110,80,55,80,105,215,160,190,135,230,500,400,0.0048
seadra,55,65,95,95,45,85,150,180,160,140,195,440,811,0.0
seedot,40,40,50,30,30,30,70,60,90,60,120,220,647,1e-05
seel,65,45,55,45,70,45,90,90,100,115,190,325,394,0.00554
sentret,35,46,34,35,45,20,66,55,80,80,114,215,572,0.00014
serperior,75,75,95,75,95,113,188,188,170,170,265,528,119,0.3435
servine,60,60,75,60,75,83,143,143,135,135,210,413,638,1e-05
seviper,73,100,60,100,60,65,165,165,160,160,193,458,586,8e-05
sewaddle,45,53,70,40,60,42,95,82,123,100,175,310,741,0.0
shaymin,100,100,100,100,100,100,200,200,200,200,300,600,467,0.00156
shaymin-sky,100,103,75,120,75,127,230,247,178,195,250,600,58,1.28395
shelgon,65,95,100,60,50,50,145,110,195,110,215,420,434,0.00294
shellder,30,65,100,45,25,40,105,85,165,70,155,305,566,0.00016
shellos,76,48,48,57,62,34,82,91,96,119,186,325,776,0.0
shieldon,30,42,118,42,88,30,72,72,160,130,236,350,463,0.00175
shiftry,90,100,60,90,60,80,180,170,160,150,210,480,160,0.16083
shinx,45,65,34,40,34,45,110,85,99,74,113,263,667,0.0
shroodle,40,65,35,40,35,75,140,115,100,75,110,290,542,0.00029
shroomish,60,40,60,40,60,35,75,75,100,100,180,295,632,1e-05
shuppet,44,75,35,63,33,45,120,108,110,96,112,295,787,0.0
silicobra,52,57,75,35,50,46,103,81,132,85,177,315,630,1e-05
sinistcha,71,60,106,121,80,70,130,191,166,201,257,508,142,0.22514
sinistea,40,45,45,74,54,50,95,124,90,128,139,308,690,0.0
skarmory,65,80,140,40,70,70,150,110,220,110,275,465,70,0.95214
skeledirge,104,75,100,110,75,66,141,176,175,185,279,530,19,7.03006
skiddo,66,65,48,62,57,52,117,114,113,119,171,350,736,0.0
skuntank,103,93,67,71,61,84,177,155,160,132,231,479,575,0.00013
skwovet,70,55,55,35,35,25,80,60,110,70,160,275,759,0.0
slaking,150,160,100,95,65,100,260,195,260,160,315,670,411,0.00419
slakoth,60,60,60,35,35,30,90,65,120,70,155,280,693,0.0
sliggoo,68,75,53,83,113,60,135,143,128,196,234,452,768,0.0
sliggoo-hisui,58,75,83,83,113,40,115,123,158,196,254,452,565,0.00016
slither wing,85,135,79,85,105,81,216,166,214,190,269,570,259,0.04295
slowbro,95,75,110,100,80,30,105,130,185,180,285,490,262,0.03924
slowbro-galar,95,100,95,100,70,30,130,130,195,170,260,490,281,0.03096
slowking,95,75,80,100,110,30,105,130,155,210,285,490,350,0.01187
slowking-galar,95,65,80,110,110,30,95,140,145,220,285,490,271,0.03627
slowpoke,90,65,65,40,40,15,80,55,130,80,195,315,700,0.0
slowpoke-galar,90,65,65,40,40,15,80,55,130,80,195,315,749,0.0
slugma,40,40,40,70,40,20,60,90,80,110,120,250,812,0.0
smeargle,55,20,35,20,45,75,95,95,55,65,135,250,14,9.75098
smoliv,41,35,45,58,51,30,65,88,80,109,137,260,791,0.0
sneasel,55,95,55,35,75,115,210,150,150,110,185,430,680,0.0
sneasel-hisui,55,95,55,35,75,115,210,150,150,110,185,430,730,0.0
sneasler,80,130,60,40,80,120,250,160,190,120,220,510,94,0.57252
snivy,45,45,55,45,55,63,108,108,100,100,155,308,608,4e-05
snom,30,25,35,45,30,20,45,65,60,75,95,185,641,1e-05
snorlax,160,110,65,65,110,30,140,95,175,175,335,540,265,0.03744
snorunt,50,50,50,50,50,50,100,100,100,100,150,300,675,0.0
snover,60,62,50,62,60,40,102,102,112,122,170,334,547,0.00025
snubbull,60,80,50,40,40,30,110,70,130,80,150,300,783,0.0
sobble,50,40,40,70,40,70,110,140,80,110,130,310,814,0.0
solgaleo,137,137,107,113,89,97,234,210,244,202,333,680,285,0.03019
solosis,45,30,40,105,50,20,50,125,70,155,135,290,747,0.0
spectrier,100,65,60,145,80,130,195,275,125,225,240,580,249,0.04714
spewpa,45,22,60,27,30,29,51,56,82,57,135,213,731,0.0
spidops,60,79,92,52,86,35,114,87,171,138,238,404,49,1.88193
spinarak,40,60,40,40,40,30,90,70,100,80,120,250,735,0.0
spiritomb,50,92,108,92,108,35,127,127,200,200,266,485,424,0.00335
spoink,60,25,35,70,80,60,85,130,60,150,175,330,746,0.0
sprigatito,40,61,54,45,45,65,126,110,115,90,139,310,597,5e-05
squawkabilly,82,96,51,45,51,92,188,137,147,96,184,417,428,0.0031
squirtle,44,48,65,50,64,43,91,93,113,114,173,314,579,0.00011
stantler,73,95,62,85,65,85,180,170,157,150,200,465,528,0.00038
staraptor,85,120,70,50,60,100,220,150,190,110,215,485,351,0.01134
staravia,55,75,50,40,40,80,155,120,125,80,145,340,594,6e-05
starly,40,55,30,30,30,60,115,90,85,60,100,245,469,0.00149
steenee,52,40,48,40,48,62,102,102,88,88,148,290,723,0.0
stonjourner,100,125,135,20,20,70,195,90,260,40,255,470,689,0.0
stunky,63,63,47,41,41,74,137,115,110,82,151,329,568,0.00016
sudowoodo,70,100,115,30,65,30,130,60,215,95,250,410,313,0.01875
suicune,100,75,115,90,115,85,160,175,190,205,330,580,359,0.00953
sunflora,75,75,55,105,85,30,105,135,130,190,215,425,532,0.00034
sunkern,30,30,30,30,30,30,60,60,60,60,90,180,491,0.00097
surskit,40,30,32,50,52,65,95,115,62,102,124,269,740,0.0
swablu,45,40,60,40,75,50,90,90,100,115,180,310,640,1e-05
swalot,100,73,83,73,83,55,128,128,156,156,266,467,440,0.00276
swampert,100,110,90,85,90,60,170,145,200,175,280,535,180,0.11172
swanna,75,87,63,87,63,98,185,185,150,150,201,473,626,2e-05
swinub,50,50,40,30,30,50,100,80,90,60,120,250,574,0.00013
sylveon,95,65,65,110,130,60,125,170,130,240,290,525,280,0.03224
talonflame,78,81,71,74,69,126,207,200,152,143,218,499,290,0.0291
tandemaus,50,50,45,40,45,75,125,115,95,85,140,305,403,0.00465
tarountula,35,41,45,29,40,20,61,49,86,69,120,210,407,0.00443
tatsugiri,68,50,60,120,95,82,132,202,110,215,223,475,460,0.00185
tauros,75,100,95,40,70,110,210,150,195,110,240,490,474,0.00132
tauros-paldea-aqua,75,110,105,30,70,100,210,130,215,100,250,490,312,0.01955
tauros-paldea-blaze,75,110,105,30,70,100,210,130,215,100,250,490,386,0.00693
tauros-paldea-combat,75,110,105,30,70,100,210,130,215,100,250,490,549,0.00023
teddiursa,60,80,50,50,50,40,120,90,130,100,160,330,798,0.0
tentacool,40,40,35,50,100,70,110,120,75,150,175,335,764,0.0
tentacruel,80,70,65,80,120,100,170,180,135,200,265,515,193,0.09385
tepig,65,63,45,45,45,45,108,90,108,90,155,308,607,4e-05
terapagos,90,65,85,65,85,60,125,125,150,150,260,450,16,7.92687
terrakion,91,129,90,72,90,108,237,180,219,162,271,580,420,0.00365
thundurus,79,115,70,125,80,111,226,236,185,205,229,580,423,0.00352
thundurus-therian,79,105,70,145,80,101,206,246,175,225,229,580,422,0.0036
thwackey,70,85,70,55,60,80,165,135,155,115,200,420,699,0.0
timburr,75,80,55,25,35,35,115,60,135,60,165,305,799,0.0
ting-lu,155,110,125,55,80,45,155,100,235,135,360,570,6,26.53899
tinkatink,50,45,45,35,64,58,103,93,90,99,159,297,604,4e-05
tinkaton,85,75,77,70,105,94,169,164,152,175,267,506,267,0.03729
tinkatuff,65,55,55,45,82,78,133,123,110,127,202,380,809,0.0
toedscool,40,40,35,50,100,70,110,120,75,150,175,335,496,0.00086
toedscruel,80,70,65,80,120,100,170,180,135,200,265,515,225,0.06133
torchic,45,60,40,70,50,45,105,115,100,120,135,310,742,0.0
torkoal,70,85,140,85,70,20,105,105,225,155,280,470,146,0.20444
tornadus,79,115,70,125,80,111,226,236,185,205,229,580,361,0.00932
tornadus-therian,79,100,80,110,90,121,221,231,180,200,249,580,321,0.01691
torracat,65,85,50,80,50,90,175,170,135,130,165,420,624,2e-05
torterra,95,109,105,75,85,56,165,131,214,160,285,525,251,0.04633
totodile,50,65,64,44,48,43,108,87,129,92,162,314,508,0.00065
toucannon,80,120,75,75,75,60,180,135,195,150,230,485,305,0.02171
toxapex,50,63,152,53,142,35,98,88,215,195,344,495,18,7.08066
toxel,40,38,35,54,35,40,78,94,73,89,110,242,651,1e-05
toxicroak,83,106,65,86,65,85,191,171,171,151,213,490,294,0.02772
toxtricity,75,98,70,114,70,75,173,189,168,184,215,502,330,0.01607
trapinch,45,100,45,45,45,10,110,55,145,90,135,290,476,0.00126
treecko,40,45,35,65,55,70,115,135,80,120,130,310,666,0.0
trevenant,85,110,76,65,82,56,166,121,186,147,243,474,327,0.0164
tropius,99,68,83,72,87,51,119,123,151,159,269,460,402,0.00467
trumbeak,55,85,50,40,50,75,160,115,135,90,155,355,657,0.0
tsareena,72,120,98,50,98,72,192,122,218,148,268,510,367,0.00868
turtwig,55,68,64,45,55,31,99,76,132,100,174,318,619,3e-05
tynamo,35,55,40,45,40,60,115,105,95,85,115,275,645,1e-05
typhlosion,78,84,78,109,85,100,184,209,162,194,241,534,328,0.01624
typhlosion-hisui,73,84,78,119,85,95,179,214,162,204,236,534,268,0.03695
tyranitar,100,134,110,95,100,61,195,156,244,195,310,600,110,0.39887
tyrogue,35,35,35,35,35,35,70,70,70,70,105,210,691,0.0
umbreon,95,65,110,60,130,65,130,125,175,190,335,525,162,0.15031
ursaluna,130,140,105,45,80,50,190,95,245,125,315,550,71,0.9174
ursaluna-bloodmoon,113,70,120,135,65,52,122,187,190,200,298,555,52,1.57615
ursaring,90,130,75,75,75,55,185,130,205,150,240,500,435,0.00292
urshifu,100,130,100,63,60,97,227,160,230,123,260,550,111,0.39269
urshifu-rapid-strike,100,130,100,63,60,97,227,160,230,123,260,550,55,1.33262
uxie,75,75,130,75,130,95,170,170,205,205,335,580,200,0.0872
vaporeon,130,65,60,110,95,65,130,175,125,205,285,525,153,0.18239
varoom,45,70,63,30,45,47,117,77,133,75,153,300,672,0.0
veluza,90,102,73,78,65,70,172,148,175,143,228,478,272,0.0362
venomoth,70,65,60,90,75,90,155,180,125,165,205,450,315,0.01843
venonat,60,55,50,40,55,45,100,85,105,95,165,305,701,0.0
venusaur,80,82,83,100,100,80,162,180,165,200,263,525,186,0.1053
vespiquen,70,80,102,80,102,40,120,120,182,182,274,474,450,0.00222
vibrava,50,70,50,50,50,70,140,120,120,100,150,340,805,0.0
victreebel,80,105,65,100,70,70,175,170,170,170,215,490,522,0.00046
vigoroth,80,80,80,55,55,90,170,145,160,110,215,440,569,0.00016
vikavolt,77,70,90,145,75,43,113,188,160,220,242,500,222,0.06609
vileplume,75,80,85,110,90,50,130,160,165,200,250,490,472,0.00134
virizion,91,90,72,90,129,108,198,198,162,219,292,580,510,0.0006
vivillon,80,52,50,90,50,89,141,179,102,140,180,411,65,1.10607
volbeat,65,73,75,47,85,85,158,132,148,132,225,430,260,0.04011
volcanion,80,110,120,130,90,70,180,200,230,220,290,600,252,0.04564
volcarona,85,60,65,135,105,100,160,235,125,240,255,550,143,0.21921
voltorb,40,30,50,55,55,100,130,155,80,110,145,330,621,3e-05
voltorb-hisui,40,30,50,55,55,100,130,155,80,110,145,330,620,3e-05
vullaby,70,55,75,45,65,60,115,105,130,110,210,370,629,2e-05
vulpix,38,41,40,50,65,65,106,115,81,115,143,299,625,2e-05
vulpix-alola,38,41,40,50,65,65,106,115,81,115,143,299,681,0.0
walking wake,99,83,91,125,83,109,192,234,174,208,273,590,87,0.65157
wartortle,59,63,80,65,80,58,121,123,143,145,219,405,545,0.00027
wattrel,40,40,35,55,40,70,110,125,75,95,115,280,485,0.0011
weavile,70,120,65,45,85,125,245,170,185,130,220,510,250,0.04686
weepinbell,65,90,50,85,45,55,145,140,140,130,160,390,756,0.0
weezing,65,90,120,85,70,60,150,145,210,155,255,490,443,0.00263
weezing-galar,65,90,120,85,70,60,150,145,210,155,255,490,207,0.07873
whimsicott,60,67,85,77,75,116,183,193,152,152,220,480,141,0.22679
whiscash,110,78,73,76,71,60,138,136,151,147,254,468,636,1e-05
wigglytuff,140,70,45,85,50,45,115,130,115,135,235,435,449,0.00225
wiglett,10,55,25,35,25,95,150,130,80,60,60,245,525,0.0004
wingull,40,30,30,55,30,85,115,140,60,85,100,270,734,0.0
wo-chien,85,85,100,95,135,70,155,165,185,230,320,570,42,2.70811
wooper,55,45,45,25,25,15,60,40,90,50,125,210,479,0.00115
wooper-paldea,55,45,45,25,25,15,60,40,90,50,125,210,397,0.00514
wugtrio,35,100,50,50,70,120,220,170,150,120,155,425,159,0.16397
wyrdeer,103,105,72,105,75,65,170,170,177,180,250,525,396,0.00541
yanma,65,65,45,75,45,95,160,170,110,120,155,390,529,0.00037
yanmega,86,76,86,116,56,95,171,211,162,172,228,515,291,0.02909
yungoos,48,70,30,30,30,45,115,75,100,60,108,253,708,0.0
zacian,92,120,115,80,115,138,258,218,235,195,322,660,274,0.03555
zacian-crowned,92,150,115,80,115,148,298,228,265,195,322,700,7,23.35982
zamazenta,92,120,115,80,115,138,258,218,235,195,322,660,237,0.05411
zamazenta-crowned,92,120,140,80,140,128,248,208,260,220,372,700,140,0.23455
zangoose,73,115,60,60,60,90,205,150,175,120,193,458,439,0.00286
zapdos,90,90,85,125,90,100,190,225,175,215,265,580,240,0.05353
zapdos-galar,90,125,90,85,90,100,225,185,215,175,270,580,171,0.12626
zarude,105,120,105,70,95,105,225,175,225,165,305,600,417,0.0038
zebstrika,75,100,63,80,63,116,216,196,163,143,201,497,303,0.02331
zekrom,100,150,120,120,100,90,240,210,270,220,320,680,48,2.13407
zoroark,60,105,60,120,60,105,210,225,165,180,180,510,276,0.03338
zoroark-hisui,55,100,60,125,60,110,210,235,160,185,175,510,98,0.53295
zorua,40,65,40,80,40,65,130,145,105,120,120,330,668,0.0
zorua-hisui,35,60,40,85,40,70,130,155,100,125,115,330,492,0.00096
zweilous,72,85,70,65,70,58,143,123,155,135,212,420,711,0.0
